0.162679 0.162679 0.161997 0.159226 0.159067 0.159026 0.158318 0.156255 0.152254 0.14454 0
0.162679 0.159954 0.160498 0.159226 0.160907 0.158699 0.156229 0.156449 0.15314 0.144116 0
0.162679 0.162679 0.161588 0.161043 0.16043 0.158481 0.158227 0.155398 0.153242 0.144328 0
0.162679 0.161044 0.158863 0.159772 0.160498 0.158481 0.158454 0.156916 0.152799 0.14566 0
0.162679 0.162134 0.158863 0.159681 0.16043 0.159408 0.157955 0.155164 0.153344 0.145811 0
0.162679 0.159681 0.161452 0.16068 0.15934 0.158645 0.157909 0.155554 0.152561 0.146296 0
0.162679 0.161861 0.159545 0.160407 0.159817 0.160444 0.158273 0.155826 0.153276 0.143904 0
0.162679 0.162679 0.16118 0.160589 0.160226 0.159844 0.157909 0.157228 0.153106 0.145115 0
0.162679 0.161044 0.160362 0.160044 0.160634 0.158536 0.158046 0.157812 0.152935 0.1446 0
0.154504 0.161316 0.160635 0.15959 0.160226 0.159626 0.158409 0.155476 0.152765 0.14566 0
0.162679 0.161044 0.161043 0.161679 0.158999 0.158645 0.158545 0.156216 0.153991 0.144964 0
0.162679 0.162679 0.160498 0.159772 0.16043 0.159299 0.159045 0.155865 0.151198 0.144873 0
0.162679 0.162679 0.162133 0.160317 0.158727 0.158645 0.158363 0.155904 0.152833 0.143843 0
0.162679 0.158591 0.161861 0.159681 0.159749 0.159408 0.157092 0.154697 0.15314 0.145478 0
0.162679 0.162679 0.160362 0.160226 0.161043 0.159735 0.158454 0.156644 0.153549 0.145569 0
0.162679 0.161316 0.161861 0.160771 0.159885 0.15979 0.157773 0.155009 0.153753 0.14569 0
0.162679 0.160771 0.161316 0.161588 0.159817 0.159572 0.157046 0.155671 0.152527 0.14569 0
0.162679 0.161044 0.16118 0.158681 0.159885 0.158481 0.157864 0.156293 0.151811 0.144116 0
0.162679 0.161861 0.161861 0.160498 0.159136 0.159354 0.157818 0.155437 0.151913 0.145297 0
0.157229 0.162134 0.160498 0.160407 0.161111 0.158427 0.159045 0.156488 0.152663 0.143692 0
0.162679 0.162679 0.16009 0.160952 0.160498 0.156737 0.156002 0.157306 0.152833 0.145539 0
0.162679 0.162679 0.161043 0.160771 0.159612 0.158045 0.158 0.156916 0.152527 0.145085 0
0.162679 0.161861 0.162133 0.159862 0.159408 0.160498 0.158636 0.155476 0.154128 0.145569 0
0.162679 0.161044 0.160226 0.161225 0.159885 0.158863 0.157364 0.155281 0.153651 0.145176 0
0.154504 0.162134 0.160362 0.161861 0.15934 0.15979 0.158 0.156293 0.151471 0.144085 0
0.162679 0.162679 0.161043 0.159862 0.160362 0.159136 0.159045 0.156138 0.152254 0.143389 0
0.162679 0.162134 0.161043 0.160044 0.159204 0.159408 0.157001 0.156644 0.153889 0.144782 0
0.162679 0.162406 0.161861 0.16177 0.160158 0.160444 0.158318 0.155553 0.150619 0.146569 0
0.162679 0.161316 0.161452 0.158681 0.159476 0.160226 0.158136 0.157111 0.15205 0.144419 0
0.162679 0.159409 0.161043 0.161498 0.159749 0.159463 0.159499 0.155787 0.153787 0.145478 0
0.162679 0.161589 0.161452 0.159953 0.160703 0.160062 0.158273 0.156644 0.153412 0.144085 0
0.162679 0.162679 0.161997 0.160952 0.160226 0.157609 0.158 0.156332 0.152697 0.147386 0
0.162679 0.162406 0.160771 0.160862 0.159408 0.15979 0.158091 0.155515 0.152697 0.146054 0
0.162679 0.162134 0.161725 0.159953 0.159681 0.159517 0.157864 0.153296 0.152833 0.146054 0
0.162679 0.161861 0.161043 0.160135 0.159681 0.15859 0.157864 0.155709 0.15331 0.146387 0
0.162679 0.162406 0.162406 0.159045 0.160158 0.158699 0.158363 0.155787 0.152595 0.144207 0
0.162679 0.161861 0.161452 0.161225 0.160294 0.159299 0.157728 0.154503 0.153412 0.144661 0
0.162679 0.162679 0.158863 0.160952 0.159272 0.158263 0.157864 0.156644 0.149972 0.143238 0
0.162679 0.162134 0.160635 0.159953 0.160294 0.159081 0.157092 0.155982 0.151266 0.144085 0
0.162679 0.162679 0.161316 0.159953 0.159476 0.159572 0.158 0.155826 0.153685 0.146417 0
0.162679 0.161861 0.161588 0.160952 0.160498 0.158863 0.158046 0.15532 0.15314 0.145418 0
0.162679 0.161044 0.160635 0.160135 0.160498 0.158481 0.159226 0.157111 0.151368 0.144721 0
0.162679 0.161589 0.160907 0.161588 0.160907 0.159299 0.158818 0.157656 0.15348 0.14454 0
0.162679 0.161316 0.160771 0.159045 0.158795 0.159354 0.157818 0.156566 0.151675 0.143631 0
0.162679 0.160499 0.161316 0.160226 0.159204 0.160498 0.157728 0.156177 0.152254 0.142178 0
0.154504 0.161316 0.159272 0.160862 0.158931 0.159354 0.157001 0.154308 0.154843 0.145448 0
0.162679 0.160499 0.160498 0.159772 0.158863 0.15919 0.157591 0.15606 0.151573 0.144661 0
0.162679 0.162134 0.160635 0.160044 0.158727 0.159354 0.157001 0.155865 0.153889 0.145266 0
0.162679 0.161044 0.160635 0.160862 0.160089 0.159136 0.158 0.155242 0.153174 0.144933 0
0.157229 0.161589 0.16118 0.160407 0.160158 0.159026 0.157909 0.156255 0.153038 0.143601 0
0.162679 0.160771 0.160635 0.159045 0.160362 0.158209 0.157001 0.155009 0.151675 0.145085 0
0.162679 0.161861 0.160635 0.159499 0.16043 0.159408 0.158046 0.154074 0.152424 0.143964 0
0.154504 0.161861 0.161997 0.161588 0.160907 0.156301 0.158273 0.154775 0.152867 0.146023 0
0.154504 0.161589 0.16009 0.159953 0.16043 0.158481 0.157773 0.156138 0.152527 0.143995 0
0.162679 0.160226 0.160771 0.16068 0.160771 0.158481 0.15641 0.155943 0.152458 0.144964 0
0.162679 0.162679 0.161452 0.160589 0.160839 0.159463 0.158591 0.155671 0.154366 0.14454 0
0.162679 0.162679 0.161043 0.159681 0.160226 0.159026 0.158591 0.156021 0.152356 0.144721 0
0.162679 0.160771 0.159817 0.160589 0.159885 0.159626 0.15741 0.155826 0.150755 0.14354 0
0.162679 0.161589 0.161725 0.160589 0.158386 0.159463 0.157728 0.15458 0.151675 0.144782 0
0.162679 0.161044 0.159953 0.160952 0.161384 0.158972 0.158136 0.155826 0.151334 0.144873 0
0.162679 0.161316 0.159545 0.161134 0.160566 0.160226 0.158545 0.155203 0.151913 0.146145 0
0.162679 0.161044 0.160362 0.160862 0.160362 0.160335 0.158454 0.156099 0.15331 0.143934 0
0.162679 0.162679 0.161861 0.159226 0.159544 0.159026 0.158182 0.156293 0.153651 0.144146 0
0.162679 0.160771 0.160907 0.161134 0.159749 0.158536 0.157364 0.156216 0.153276 0.146235 0
0.162679 0.160499 0.161452 0.159408 0.159067 0.159517 0.158591 0.157306 0.15205 0.144176 0
0.162679 0.161044 0.16118 0.159499 0.160566 0.160335 0.157546 0.156916 0.152493 0.143692 0
0.162679 0.162679 0.161725 0.158954 0.159885 0.159899 0.157591 0.154736 0.151402 0.144509 0
0.162679 0.162406 0.16118 0.161407 0.160089 0.15919 0.157864 0.156605 0.151982 0.14463 0
0.162679 0.160771 0.161316 0.160044 0.159885 0.159463 0.155002 0.157306 0.153208 0.146417 0
0.162679 0.161861 0.160498 0.160317 0.160021 0.15919 0.157137 0.155632 0.150278 0.144297 0
0.162679 0.161861 0.16118 0.160771 0.159885 0.159463 0.158363 0.15641 0.153208 0.145478 0
0.162679 0.161316 0.161316 0.160135 0.160839 0.159299 0.158999 0.1568 0.151777 0.14457 0
0.162679 0.161316 0.161861 0.161679 0.159204 0.158917 0.157728 0.156371 0.152356 0.144479 0
0.162679 0.160771 0.161588 0.160226 0.159817 0.159245 0.157818 0.156488 0.154605 0.145478 0
0.162679 0.161861 0.159681 0.161316 0.160975 0.159463 0.157637 0.155787 0.152084 0.144358 0
0.162679 0.161589 0.161588 0.160862 0.159749 0.159354 0.158136 0.15641 0.152527 0.144419 0
0.162679 0.162679 0.160362 0.160407 0.159953 0.160171 0.159272 0.156449 0.152424 0.146387 0
0.162679 0.160499 0.160907 0.160771 0.160771 0.158972 0.158182 0.155632 0.155593 0.145357 0
0.162679 0.159954 0.161997 0.161679 0.160975 0.158427 0.157909 0.155476 0.152935 0.146508 0
0.162679 0.161589 0.160362 0.160044 0.157841 0.15919 0.158273 0.155242 0.153617 0.145933 0
0.154504 0.159954 0.16118 0.161316 0.160294 0.159081 0.158227 0.155125 0.151539 0.145933 0
0.162679 0.162679 0.161316 0.160589 0.159272 0.159354 0.156819 0.156916 0.152288 0.14463 0
0.162679 0.162134 0.161043 0.158863 0.160634 0.159681 0.158091 0.158123 0.153821 0.144055 0
0.162679 0.162679 0.161725 0.160044 0.159953 0.158917 0.159045 0.155671 0.151879 0.144933 0
0.162679 0.162679 0.160498 0.159862 0.159476 0.159517 0.158636 0.155826 0.151743 0.145054 0
0.162679 0.161861 0.161725 0.158591 0.159544 0.159408 0.157818 0.155476 0.152493 0.145085 0
0.162679 0.160771 0.161588 0.159408 0.159544 0.158154 0.157909 0.155632 0.152118 0.146296 0
0.162679 0.162134 0.161725 0.159953 0.160294 0.159735 0.156047 0.155515 0.152084 0.145721 0
0.162679 0.161861 0.161861 0.160498 0.16118 0.158972 0.158818 0.155398 0.15331 0.145478 0
0.162679 0.162134 0.161588 0.161679 0.160362 0.158536 0.158818 0.157773 0.152458 0.147204 0
0.162679 0.161316 0.162133 0.161134 0.159817 0.158481 0.158136 0.156722 0.151913 0.145236 0
0.162679 0.162134 0.16009 0.160498 0.159612 0.158863 0.158591 0.156332 0.153208 0.145388 0
0.162679 0.162134 0.161997 0.161407 0.160294 0.159899 0.158318 0.155865 0.152799 0.143752 0
0.162679 0.162406 0.160635 0.16177 0.160566 0.159354 0.157364 0.155826 0.153208 0.144419 0
0.162679 0.161861 0.162133 0.16068 0.161384 0.158699 0.158318 0.156722 0.152765 0.146054 0
0.162679 0.160499 0.162406 0.159953 0.159136 0.160662 0.156819 0.155982 0.152016 0.145448 0
0.162679 0.162134 0.161316 0.161225 0.160226 0.158863 0.158636 0.155359 0.151096 0.143934 0
0.162679 0.162134 0.159408 0.160589 0.16043 0.159299 0.157773 0.156021 0.151436 0.142753 0
0.162679 0.162134 0.160362 0.160407 0.160839 0.159463 0.157682 0.157033 0.153208 0.14566 0
0.162679 0.162134 0.16009 0.161225 0.159749 0.159026 0.157728 0.156021 0.153072 0.146266 0
