0.636176 0.550072 0.506176 0.440889 0.40573 0.368882 0.322703 0.272211 0.221038 0.155654 0
0.628002 0.561244 0.492959 0.439345 0.406616 0.36512 0.319205 0.273652 0.22035 0.154055 0
0.628002 0.563424 0.495548 0.442161 0.41343 0.372152 0.324837 0.27042 0.218755 0.153262 0
0.617102 0.548437 0.502906 0.445341 0.411454 0.369645 0.323338 0.270809 0.218858 0.153019 0
0.606203 0.547893 0.497183 0.43322 0.409546 0.369917 0.328062 0.272756 0.220867 0.150294 0
0.64435 0.557974 0.495548 0.442304 0.413089 0.370844 0.325882 0.273068 0.219437 0.151723 0
0.617102 0.562606 0.485601 0.44076 0.41084 0.369372 0.324474 0.272016 0.219096 0.153716 0
0.617102 0.5498 0.493368 0.44207 0.410363 0.375477 0.322839 0.271705 0.22022 0.153534 0
0.622552 0.542443 0.497319 0.441798 0.407843 0.372479 0.321658 0.273301 0.222128 0.153625 0
0.603478 0.558792 0.494458 0.439851 0.413089 0.370571 0.319251 0.273379 0.218817 0.154237 0
0.617102 0.554977 0.495275 0.436944 0.409818 0.371007 0.329834 0.268746 0.216569 0.152686 0
0.633451 0.54544 0.490234 0.441305 0.40866 0.373406 0.328062 0.2726 0.222741 0.15136 0
0.630726 0.547075 0.495548 0.436801 0.408183 0.376131 0.3257 0.273184 0.220418 0.154655 0
0.641626 0.55198 0.498 0.438255 0.406957 0.370135 0.325473 0.274197 0.218926 0.154721 0
0.622552 0.559337 0.502497 0.443978 0.408524 0.367791 0.326836 0.273608 0.219266 0.149779 0
0.622552 0.563424 0.494321 0.434076 0.411522 0.372861 0.325519 0.271471 0.221413 0.153898 0
0.6498 0.558792 0.494185 0.433894 0.412476 0.378693 0.327018 0.273729 0.219471 0.15093 0
0.611653 0.554977 0.489416 0.445574 0.405935 0.380546 0.327426 0.277584 0.217563 0.152474 0
0.622552 0.549527 0.495411 0.443705 0.407229 0.373406 0.324338 0.275676 0.219669 0.149416 0
0.622552 0.554705 0.488735 0.437944 0.410909 0.370353 0.327699 0.273691 0.222128 0.154085 0
0.622552 0.54871 0.495956 0.442667 0.413021 0.370244 0.327245 0.271939 0.223689 0.150778 0
0.614378 0.546258 0.485873 0.444705 0.409614 0.373515 0.327608 0.271082 0.225222 0.152777 0
0.630726 0.553615 0.495275 0.442615 0.408251 0.373733 0.326109 0.267889 0.217665 0.150778 0
0.64435 0.565331 0.501271 0.439618 0.408456 0.374223 0.324928 0.275598 0.217972 0.154503 0
0.64435 0.553615 0.498137 0.435893 0.411658 0.371934 0.329107 0.272016 0.218415 0.1552 0
0.633451 0.554432 0.500998 0.443342 0.408183 0.373678 0.323929 0.275326 0.222428 0.150355 0
0.611653 0.560427 0.495003 0.443939 0.410432 0.368064 0.320886 0.271432 0.221951 0.152692 0
0.603478 0.558247 0.496638 0.439799 0.40975 0.371607 0.324519 0.274542 0.222366 0.153171 0
0.641626 0.555249 0.501407 0.437437 0.408183 0.373406 0.321476 0.277817 0.221958 0.156114 0
0.636176 0.554977 0.502906 0.437528 0.414315 0.370081 0.326064 0.271549 0.224172 0.152505 0
0.603478 0.553887 0.491324 0.443031 0.410977 0.369808 0.325064 0.271432 0.22223 0.149325 0
0.625277 0.561789 0.492005 0.438579 0.410227 0.370735 0.32402 0.268084 0.217393 0.14984 0
0.638901 0.569418 0.495275 0.436892 0.40757 0.371007 0.326972 0.270031 0.222843 0.147841 0
0.647075 0.557974 0.497592 0.441123 0.41084 0.365502 0.326473 0.274664 0.220118 0.15526 0
0.628002 0.554432 0.504541 0.435439 0.4105 0.371007 0.326382 0.271316 0.220663 0.151778 0
0.628002 0.557974 0.490779 0.43989 0.407025 0.372152 0.325837 0.270576 0.218954 0.15202 0
0.608928 0.563151 0.492822 0.440253 0.41084 0.371934 0.320704 0.272172 0.2193 0.14987 0
0.633451 0.548165 0.494321 0.442343 0.410568 0.367192 0.325019 0.273107 0.217427 0.154903 0
0.622552 0.55307 0.498682 0.439527 0.406821 0.372697 0.32402 0.269641 0.219567 0.154079 0
0.6498 0.544895 0.496638 0.439851 0.41452 0.369209 0.32402 0.2726 0.222156 0.151148 0
0.636176 0.551707 0.489689 0.440215 0.404981 0.371988 0.323066 0.271666 0.21528 0.15205 0
0.617102 0.554432 0.504677 0.443887 0.413498 0.367355 0.330333 0.271199 0.22131 0.154631 0
0.603478 0.550345 0.487508 0.436892 0.412953 0.367301 0.324065 0.274236 0.220731 0.153776 0
0.64435 0.558247 0.493776 0.443939 0.414656 0.374877 0.323248 0.272756 0.223491 0.151505 0
0.628002 0.562879 0.494866 0.438891 0.407434 0.376949 0.325927 0.27151 0.226176 0.155297 0
0.617102 0.549527 0.498137 0.440889 0.411522 0.37019 0.324519 0.274586 0.222633 0.154927 0
0.641626 0.561517 0.49255 0.438164 0.408592 0.37128 0.3267 0.276027 0.215649 0.151263 0
0.636176 0.549255 0.495003 0.442706 0.416359 0.371825 0.329697 0.273574 0.218102 0.153116 0
0.622552 0.558247 0.492686 0.437528 0.405867 0.376731 0.327108 0.274236 0.21988 0.150082 0
0.617102 0.55089 0.494049 0.444848 0.414452 0.369863 0.323066 0.271004 0.225086 0.154267 0
0.657974 0.548437 0.499499 0.439708 0.413293 0.374169 0.325791 0.274547 0.219437 0.151808 0
0.630726 0.560699 0.499499 0.442667 0.410295 0.371552 0.329788 0.273963 0.22311 0.153655 0
0.58713 0.552797 0.493368 0.439981 0.408933 0.374932 0.325473 0.273535 0.220936 0.150718 0
0.647075 0.557429 0.497046 0.44403 0.406616 0.372861 0.32461 0.275209 0.219976 0.152232 0
0.64435 0.563151 0.493913 0.442888 0.411726 0.370735 0.321794 0.27042 0.219573 0.155836 0
0.614378 0.538356 0.496229 0.440253 0.413498 0.374768 0.321885 0.274236 0.220725 0.152898 0
0.603478 0.560154 0.483693 0.441616 0.409478 0.373406 0.324247 0.274703 0.220902 0.155054 0
0.608928 0.552797 0.49691 0.437801 0.407638 0.375913 0.32352 0.271744 0.221992 0.154473 0
0.628002 0.560427 0.500453 0.44076 0.409887 0.372861 0.323656 0.272639 0.221747 0.153534 0
0.617102 0.543533 0.503314 0.437801 0.413293 0.368936 0.326155 0.270732 0.222326 0.149749 0
0.628002 0.562334 0.503042 0.44207 0.413225 0.373678 0.32025 0.273457 0.220459 0.150688 0
0.628002 0.563424 0.505222 0.447664 0.404913 0.370081 0.3262 0.274352 0.220152 0.156017 0
0.608928 0.554977 0.489552 0.443887 0.407638 0.370081 0.329516 0.272172 0.218415 0.150748 0
0.636176 0.553887 0.497455 0.43976 0.412067 0.37406 0.326609 0.278324 0.221038 0.153413 0
0.625277 0.54871 0.502361 0.440033 0.410091 0.371443 0.320295 0.268396 0.223457 0.149325 0
0.617102 0.567784 0.502088 0.44294 0.409205 0.370898 0.328062 0.272172 0.218449 0.151081 0
0.606203 0.559609 0.499227 0.455295 0.411385 0.372315 0.320977 0.273729 0.224615 0.155842 0
0.622552 0.559609 0.495275 0.438346 0.412612 0.372643 0.326518 0.271861 0.222571 0.150112 0
0.614378 0.55089 0.487917 0.435945 0.405253 0.369808 0.328834 0.272445 0.219198 0.15348 0
0.622552 0.562334 0.500725 0.442434 0.411522 0.372806 0.326563 0.271121 0.222769 0.153231 0
0.614378 0.554977 0.486827 0.440253 0.40573 0.374605 0.325064 0.272639 0.220425 0.15626 0
0.630726 0.561789 0.498137 0.441032 0.406412 0.368663 0.329834 0.275559 0.22328 0.151414 0
0.625277 0.54871 0.491051 0.438164 0.408183 0.373624 0.326654 0.273652 0.219164 0.153746 0
0.630726 0.563424 0.495548 0.435439 0.410227 0.371062 0.32352 0.269174 0.21943 0.15523 0
0.614378 0.546803 0.49582 0.443122 0.414928 0.3691 0.326745 0.273846 0.220765 0.153262 0
0.633451 0.555794 0.492686 0.441253 0.407366 0.369209 0.321022 0.274859 0.220629 0.153746 0
0.606203 0.542988 0.494321 0.445393 0.403686 0.368772 0.325201 0.273379 0.219158 0.150906 0
0.614378 0.551162 0.499635 0.437853 0.411113 0.375749 0.324974 0.272172 0.223388 0.150627 0
0.636176 0.552525 0.497455 0.442706 0.402324 0.377548 0.328653 0.270264 0.218415 0.153686 0
0.608928 0.547348 0.508356 0.440708 0.413906 0.371225 0.327563 0.272016 0.223076 0.15351 0
0.628002 0.547075 0.499908 0.439345 0.408796 0.370953 0.321976 0.271744 0.222462 0.151845 0
0.633451 0.564514 0.500725 0.434894 0.409341 0.372152 0.324111 0.273301 0.220629 0.152868 0
0.622552 0.565059 0.501543 0.439981 0.412067 0.371607 0.327381 0.273107 0.216098 0.150052 0
0.630726 0.550072 0.498818 0.438073 0.407434 0.373896 0.331242 0.273768 0.221066 0.152329 0
0.636176 0.558519 0.495003 0.44207 0.411317 0.37177 0.3257 0.274975 0.219675 0.152838 0
0.614378 0.554432 0.499635 0.441162 0.4105 0.371225 0.324792 0.276377 0.223184 0.152662 0
0.600754 0.559882 0.492686 0.439981 0.404777 0.367846 0.325927 0.279102 0.219266 0.154352 0
0.617102 0.558519 0.49582 0.440253 0.415678 0.370081 0.327381 0.275404 0.217495 0.155115 0
0.633451 0.556884 0.486555 0.4388 0.408865 0.367573 0.325382 0.270498 0.223014 0.153534 0
0.614378 0.558519 0.49691 0.439072 0.413361 0.369045 0.322975 0.273068 0.220895 0.158174 0
0.622552 0.549255 0.501134 0.44307 0.410636 0.370462 0.32679 0.270732 0.221753 0.156235 0
0.625277 0.548982 0.496093 0.433946 0.410023 0.371443 0.323974 0.277311 0.2211 0.149476 0
0.638901 0.559882 0.495548 0.437256 0.409818 0.371607 0.324383 0.275365 0.221072 0.152898 0
0.630726 0.559882 0.491732 0.436165 0.405799 0.3691 0.329152 0.27225 0.222531 0.151657 0
0.630726 0.557702 0.492141 0.436165 0.405526 0.376077 0.328834 0.27408 0.224098 0.153086 0
0.619827 0.555794 0.49255 0.443122 0.408796 0.374978 0.322248 0.272912 0.223859 0.155866 0
0.625277 0.552252 0.495956 0.444393 0.408865 0.372097 0.322703 0.274352 0.218647 0.150724 0
0.622552 0.552525 0.501407 0.436165 0.410772 0.367573 0.330742 0.273379 0.221713 0.153171 0
0.619827 0.552525 0.488326 0.434985 0.409955 0.366429 0.324111 0.272951 0.221474 0.152935 0
0.628002 0.548982 0.489007 0.439254 0.409137 0.369372 0.326382 0.274197 0.220623 0.153595 0
