4.192296221792939370e-01 2.459326194544988464e-01 2.249018306374847009e-01 1.829157300780335227e-01 1.517011772398627611e-01 1.443638940368473511e-01 1.024742329850107936e-01 7.237899688722648772e-02 3.294393802203859911e-02 2.222575504008017511e-02 0.000000000000000000e+00
4.764503306261603788e-01 3.151424287188041573e-01 1.969688697436297042e-01 1.828248870547775073e-01 1.518374448694874701e-01 1.298648206693557849e-01 1.032009771710573620e-01 7.319659470696615600e-02 3.761110433668057862e-02 2.183209001873137600e-02 0.000000000000000000e+00
4.056056439776588585e-01 2.467500581465970066e-01 2.307609395079033288e-01 1.716511951943124892e-01 1.725501245724239130e-01 1.281750790363020975e-01 9.452546845012677057e-02 6.595501401784764628e-02 2.871964150367667390e-02 2.062081302996610077e-02 0.000000000000000000e+00
4.764503306261603788e-01 2.660961071929184296e-01 2.221766637210109696e-01 1.943619510082660318e-01 1.606267069802731484e-01 1.288836803662927188e-01 9.420751786873149403e-02 7.128886646090826229e-02 3.035485305917168253e-02 2.271026583558616307e-02 0.000000000000000000e+00
3.129625922065417676e-01 2.492023742228912653e-01 2.131836128966477784e-01 1.908190731012888719e-01 1.570156147952213033e-01 1.257222282786438772e-01 1.017474887989642252e-01 7.179499844455589086e-02 3.049112068879622495e-02 1.880389754681804915e-02 0.000000000000000000e+00
4.028808483373320648e-01 2.592841180921013899e-01 2.310334561995506242e-01 1.600232882175679494e-01 1.551078679804771543e-01 1.217976670663905026e-01 1.007482155431500548e-01 6.910860560827020160e-02 3.505608628121981152e-02 2.104475997603422188e-02 0.000000000000000000e+00
3.974312570566781444e-01 2.745429736779320118e-01 1.882483356109140304e-01 1.869128231012893160e-01 1.517393899292697190e-01 1.366535354730146201e-01 1.044273579850107936e-01 6.755127642781488806e-02 3.154719481838674788e-02 2.168068039513587619e-02 0.000000000000000000e+00
4.301288047406018888e-01 2.423903851220736705e-01 2.289895810121946873e-01 1.768292475198940394e-01 1.590596292395902722e-01 1.066445001635231149e-01 9.761413124082463089e-02 6.607181370638226525e-02 3.413627978125355344e-02 2.174124424457440918e-02 0.000000000000000000e+00
4.492023742228905547e-01 2.854421562392401857e-01 2.005115867350455439e-01 1.819164568222193523e-01 1.590596292395900502e-01 1.270849231440096538e-01 1.096054103105920108e-01 7.047126864116870504e-02 3.141092718876209444e-02 2.134757922322516599e-02 0.000000000000000000e+00
3.538345268114464481e-01 2.993386140049077992e-01 2.322597813119633425e-01 1.689259044966382461e-01 1.551078679804771543e-01 1.292652349285952074e-01 1.024742329850105715e-01 7.163926552651034285e-02 3.015045161473473012e-02 2.149898884682088784e-02 0.000000000000000000e+00
4.628263524245254112e-01 2.413004668659430862e-01 2.067794706429348928e-01 1.728321544966379131e-01 1.551078679804771543e-01 1.245775645917364116e-01 1.010661661245455534e-01 6.595501401784775730e-02 2.950318037401788995e-02 2.104475997603411086e-02 0.000000000000000000e+00
3.429353442501382743e-01 2.451151807624009082e-01 2.439779990528001541e-01 1.855501777524521945e-01 1.543583960175420877e-01 1.267578763763216321e-01 8.743971263617345002e-02 7.163926552651073143e-02 3.553302298490568223e-02 2.146870692210167686e-02 0.000000000000000000e+00
4.355783960212555872e-01 2.835347992910111081e-01 1.984677115476902731e-01 1.853684917059404968e-01 1.636245948320138588e-01 1.273029543224679649e-01 9.679654403152226916e-02 6.716194413270082375e-02 3.130872646654347946e-02 2.204406349176563085e-02 0.000000000000000000e+00
4.219544178196209527e-01 2.611914750403299124e-01 2.262147238077105715e-01 1.796453812408242978e-01 1.602179040913991326e-01 1.223427450125367244e-01 1.021108608919878424e-01 7.054913510019167333e-02 3.382967761459854117e-02 2.022714800861746820e-02 0.000000000000000000e+00
4.492023742228906658e-01 2.579217202719377156e-01 2.262644140957214001e-01 1.821889858919869543e-01 1.494527613510572284e-01 1.334078273193066710e-01 1.042456719384994290e-01 7.255348245214798819e-02 3.447694885531543685e-02 2.255028663454394788e-02 0.000000000000000000e+00
3.865320744953700816e-01 2.576492407079047364e-01 2.293983560496659635e-01 1.925450905431496107e-01 1.617849818320817867e-01 1.233783931102150344e-01 1.084698725198942615e-01 7.514325618253503425e-02 3.069552213323301082e-02 2.131729729850628807e-02 0.000000000000000000e+00
4.900743088277952353e-01 2.606465159122643982e-01 1.951975112479220620e-01 1.917275033338474710e-01 1.487714232029342387e-01 1.318816090700969390e-01 1.038822998454760338e-01 6.190595814866328706e-02 2.967351491104874839e-02 2.289195738390098489e-02 0.000000000000000000e+00
4.846247175471413149e-01 2.630988319885587678e-01 2.161812965047691382e-01 1.783735789152428586e-01 1.446833943141965229e-01 1.280115556524581422e-01 9.797750333384791510e-02 7.004300311654376721e-02 3.192193079985439219e-02 2.168068039513576517e-02 0.000000000000000000e+00
3.810824832147161612e-01 2.816274423427821416e-01 2.296708727413132589e-01 1.771017765896614193e-01 1.484307541288727439e-01 1.205984955848686813e-01 1.022017039152433027e-01 6.801847518195114350e-02 3.130872646654392355e-02 2.186237194345075352e-02 0.000000000000000000e+00
4.927991044681222510e-01 2.592841180921010569e-01 2.114122544009400251e-01 1.690167475198935954e-01 1.459779367956303142e-01 1.185817071841275272e-01 9.243607891524341369e-02 6.525421588664315209e-02 2.926471202217501011e-02 2.258913813671004078e-02 0.000000000000000000e+00
4.246792134599477464e-01 3.186846630512291112e-01 2.039180453806375137e-01 1.878212533338472490e-01 1.520418463139242560e-01 1.234874086994437459e-01 1.117856428687317161e-01 6.535055455929639212e-02 3.502201937381366204e-02 2.319477663109287269e-02 0.000000000000000000e+00
4.110552352583130009e-01 2.917091862119922663e-01 2.225854387584818017e-01 1.973597707757079878e-01 1.565386780915354326e-01 1.279570478578437864e-01 9.470715449663869023e-02 6.089369418136736378e-02 3.403407905903566011e-02 2.195321771760827545e-02 0.000000000000000000e+00
4.655511480648525380e-01 2.502922924790220716e-01 1.936986694438613821e-01 1.746490149617543342e-01 1.438657885364491573e-01 1.169464733456885286e-01 1.039277213571037084e-01 6.202275783719762847e-02 3.062738831842071185e-02 2.095391420187625586e-02 0.000000000000000000e+00
4.710007393455064584e-01 2.565593224517743742e-01 2.041905620722850312e-01 1.850959626361730059e-01 1.685983633133110171e-01 1.366237872015696464e-01 1.014749597291966232e-01 7.054913510019189538e-02 3.607809350340412946e-02 2.118755875615968565e-02 0.000000000000000000e+00
4.110552352583130009e-01 2.952514205444169981e-01 1.988764865851609942e-01 2.007763663987884861e-01 1.468636763881898677e-01 1.188542461572004161e-01 1.022017039152434137e-01 7.385845960865966564e-02 3.485168483678291462e-02 2.258913813671009629e-02 0.000000000000000000e+00
4.546519655035443641e-01 2.652786685008203804e-01 2.302159061246080718e-01 1.947253231012890939e-01 1.551078679804771543e-01 1.341164286492967372e-01 1.002940004268710883e-01 6.439768483739205518e-02 3.481761792937676514e-02 2.213490926592287522e-02 0.000000000000000000e+00
3.947064614163509066e-01 2.699108210893762516e-01 1.927448610230955151e-01 1.831882591478009026e-01 1.643740667949487033e-01 1.302463752316580514e-01 1.008844800780340778e-01 7.479285711693306471e-02 2.875370841108293440e-02 2.171096231985480962e-02 0.000000000000000000e+00
3.374857529694844649e-01 3.263140908441443111e-01 1.855231686944406322e-01 1.891838986826845925e-01 1.564024104619108346e-01 1.207075111740982809e-01 1.072434917059408299e-01 6.875820654266795451e-02 3.270546967019594131e-02 2.149898884682055478e-02 0.000000000000000000e+00
4.601015567841983955e-01 2.353059164572235407e-01 2.289895810121950204e-01 1.907282300780335227e-01 1.591958968692145371e-01 1.237054398779021680e-01 8.762139868268525866e-02 6.653901246051857621e-02 3.219446605910358805e-02 2.252857428727161881e-02 0.000000000000000000e+00
4.464775785825636500e-01 2.590116385280681888e-01 2.232667304876005954e-01 1.876395672873359954e-01 1.569474809804094484e-01 1.194538318979616598e-01 9.202728531059201078e-02 6.887500623120212939e-02 3.876937918848971654e-02 2.098419612659585543e-02 0.000000000000000000e+00
4.165048265389669213e-01 2.633713115525913029e-01 2.347124315367898895e-01 1.774651486826845925e-01 1.684620956836863082e-01 1.331897961408483599e-01 1.007482155431502768e-01 7.163926552651050939e-02 3.233073368872796394e-02 2.074194072884255613e-02 0.000000000000000000e+00
4.737255349858333631e-01 2.791751262664884381e-01 2.206778219169505117e-01 1.892747417059403858e-01 1.519055786842996580e-01 1.223972528071515242e-01 9.852256147338278591e-02 6.252888982084581215e-02 2.803830335555390629e-02 2.337646817940736144e-02 0.000000000000000000e+00
4.873495131874683306e-01 2.538345268114471365e-01 2.048718538014031587e-01 1.951795382175685045e-01 1.658048769060069816e-01 1.350430611577460027e-01 9.030126786873160505e-02 7.510432295302416073e-02 3.488575174418900859e-02 2.049968533108936786e-02 0.000000000000000000e+00
3.974312570566780334e-01 2.789026467024553479e-01 1.987402282393377906e-01 1.793728521710565849e-01 1.485670217584976749e-01 1.343889676223698482e-01 1.015203812408245199e-01 7.325430786874942424e-02 3.154719481838652584e-02 2.128701537378713260e-02 0.000000000000000000e+00
3.892568701356970973e-01 2.511097311711201208e-01 2.330773313869056729e-01 1.982682010082659207e-01 1.543583960175418657e-01 1.276300010901557647e-01 1.000668928687319381e-01 7.093846739530584866e-02 4.091559435507657883e-02 2.043912148165127896e-02 0.000000000000000000e+00
4.710007393455062363e-01 2.625538728604932537e-01 2.389364402573237456e-01 1.866402940315219361e-01 1.692797014614337847e-01 1.356426468985062472e-01 1.004302649617545562e-01 6.638327954247347229e-02 3.287580420722652219e-02 1.959122758951564736e-02 0.000000000000000000e+00
4.028808483373318428e-01 3.064230826697577070e-01 2.095046375594085131e-01 1.850959626361727839e-01 1.563342766470989798e-01 1.317725934808674504e-01 9.107343356640595911e-02 7.226219719869231284e-02 3.423848050347222394e-02 2.043912148165127896e-02 0.000000000000000000e+00
3.892568701356970973e-01 2.546519655035451857e-01 2.314422312370212342e-01 1.931809917059406079e-01 1.521781139435486319e-01 1.294287583124387186e-01 8.494152949663841268e-02 7.378059314963686388e-02 3.192193079985428117e-02 2.301308508277782883e-02 0.000000000000000000e+00
4.791751262664871724e-01 2.666410663209839438e-01 2.213591136460689723e-01 1.984498870547779514e-01 1.452284648326949146e-01 1.256132126894144996e-01 9.852256147338289693e-02 6.934220498533893995e-02 3.260326894797727082e-02 2.240744658839521897e-02 0.000000000000000000e+00
4.655511480648524270e-01 2.456601398904662004e-01 2.145461963548846995e-01 1.839150033338470269e-01 1.454328662771315894e-01 1.207620189687126366e-01 9.543389868268525866e-02 6.980940373947541744e-02 3.754297052186833517e-02 2.062081302996626730e-02 0.000000000000000000e+00
4.328536003809286825e-01 2.715456984735722390e-01 2.274907392081343405e-01 1.766475614733822308e-01 1.449559295734458297e-01 1.307369453831899175e-01 1.025650760082666979e-01 7.195073136260160540e-02 3.461321648493970171e-02 2.149898884682099887e-02 0.000000000000000000e+00
4.246792134599477464e-01 2.707282597814743008e-01 2.194514968045374603e-01 1.787369510082659207e-01 1.611717774987713181e-01 1.265398451978628769e-01 9.956725624082451986e-02 7.272939595282895686e-02 3.325054018869405548e-02 2.122645152434887716e-02 0.000000000000000000e+00
3.620089137324273842e-01 2.472950172746626318e-01 2.409803154446787943e-01 1.746490149617543342e-01 1.424349784253913231e-01 1.287201569824487635e-01 8.975620972919673424e-02 6.599394724735940798e-02 3.004825089251644821e-02 2.152927077154004332e-02 0.000000000000000000e+00
5.036982870294299808e-01 2.908917475198939950e-01 2.405715404072080732e-01 1.655647126361731170e-01 1.638289962764505336e-01 1.185271993895127274e-01 1.045636225198944835e-01 7.062700155921475265e-02 2.895810985551977579e-02 2.101447805131445579e-02 0.000000000000000000e+00
3.456601398904654010e-01 3.241342543318830316e-01 2.153637464298268078e-01 1.775559917059403858e-01 1.530638535361087404e-01 1.262673062247900990e-01 9.261776496175488926e-02 6.474808390299457983e-02 3.124059265173129152e-02 2.149898884682116540e-02 0.000000000000000000e+00
4.628263524245253002e-01 2.513822107351528778e-01 2.251743473291318853e-01 1.931809917059406079e-01 1.564705442767231336e-01 1.270849231440093208e-01 1.035189277524524165e-01 6.256782305035735181e-02 3.403407905903521602e-02 2.146870692210178788e-02 0.000000000000000000e+00
4.519271698632174594e-01 2.917091862119921553e-01 2.435692240153288779e-01 2.023561370547775073e-01 1.590596292395902722e-01 1.267578763763217431e-01 1.020200178687316050e-01 6.755127642781444397e-02 3.645282948487149621e-02 2.168068039513587619e-02 0.000000000000000000e+00
4.464775785825636500e-01 2.829898401629457050e-01 1.976501614727481648e-01 1.758299742640798691e-01 1.495208951658694163e-01 1.323176714270140053e-01 1.005665294966384682e-01 7.276832918234121816e-02 3.093399048507616822e-02 2.089335035243811145e-02 0.000000000000000000e+00
4.519271698632174594e-01 2.633713115525916360e-01 2.224491804126582650e-01 1.970872417059406079e-01 1.362348012774725614e-01 1.256677204840292994e-01 9.788666031059223283e-02 6.700621121465477614e-02 3.437474813309671084e-02 2.131729729850623256e-02 0.000000000000000000e+00
4.056056439776588585e-01 3.105102761302478420e-01 2.416616071737973659e-01 1.907282300780335227e-01 1.324193076479840414e-01 1.357516624877359579e-01 9.915846263617389411e-02 7.019873603458892664e-02 3.267140276278945876e-02 2.174124424457402061e-02 0.000000000000000000e+00
4.655511480648523159e-01 3.159598674109017624e-01 2.274907392081351176e-01 1.822798289152429696e-01 1.606948407950853364e-01 1.361877248446525801e-01 1.027921835664060701e-01 6.984833696898651301e-02 3.168346244801134581e-02 2.168068039513604273e-02 0.000000000000000000e+00
3.892568701356972083e-01 3.274040091002756725e-01 2.080057957553482773e-01 1.824615149617543342e-01 1.448877957586334198e-01 1.179821214433662835e-01 1.029738696129176567e-01 6.498168328006287409e-02 3.546488917009349429e-02 2.025742993333645714e-02 0.000000000000000000e+00
4.492023742228905547e-01 2.437527829422370118e-01 2.338948814618473371e-01 1.796453812408242978e-01 1.551078679804769322e-01 1.383135288346235559e-01 1.007482155431502768e-01 7.136673291993106405e-02 3.563522370712429721e-02 2.171096231985503167e-02 0.000000000000000000e+00
4.519271698632174594e-01 2.617364341683952045e-01 2.471119410067448285e-01 1.798270672873356624e-01 1.615124465728330350e-01 1.199444020494929708e-01 1.027921835664062922e-01 6.673367860807555285e-02 3.045705378139007546e-02 2.043912148165116793e-02 0.000000000000000000e+00
4.083304396179858742e-01 3.162323469749348526e-01 2.340311398076708738e-01 1.789186370547773963e-01 1.463867396845039970e-01 1.253406737163409446e-01 9.697823007803418882e-02 6.217849075524367608e-02 3.665723092930872618e-02 2.234688273895701904e-02 0.000000000000000000e+00
3.783576875743893675e-01 2.669135458850162568e-01 2.223129220668349504e-01 2.049905847291964012e-01 1.403909639810225762e-01 1.334078273193066710e-01 1.007027940315221581e-01 6.832994101804229503e-02 3.427254741087804035e-02 2.137786114794454351e-02 0.000000000000000000e+00
4.110552352583130009e-01 2.590116385280680777e-01 2.137286462799428133e-01 1.676541021710568069e-01 1.497252966103064242e-01 1.351520767469750473e-01 1.004302649617551113e-01 7.171713198553320012e-02 3.345494163313078584e-02 2.295252123333946237e-02 0.000000000000000000e+00
4.573767611438714908e-01 3.165048265389673876e-01 2.146824547007083472e-01 1.832791021710569179e-01 1.608311084247098233e-01 1.331897961408482489e-01 1.020654393803595017e-01 7.884191298611681331e-02 2.674376087412033698e-02 2.028771185805522403e-02 0.000000000000000000e+00
4.710007393455063474e-01 2.857146358032728317e-01 2.073245040262297056e-01 1.919091893803588356e-01 1.474768807215007804e-01 1.323721792216285831e-01 9.620606438035994579e-02 7.191179813309012125e-02 3.635062876265326981e-02 2.083278650300018908e-02 0.000000000000000000e+00
4.655511480648524270e-01 2.579217202719374935e-01 2.251743473291318853e-01 1.900014858919869543e-01 1.449559295734459408e-01 1.286656491878337416e-01 1.000668928687314940e-01 6.128302647648120605e-02 3.382967761459859668e-02 2.107504190075282224e-02 0.000000000000000000e+00
3.456601398904655120e-01 2.748154532419647689e-01 2.469756826609212919e-01 1.939077358919870653e-01 1.429119151290774159e-01 1.181456448272104609e-01 9.725075914780156872e-02 7.124993323139622303e-02 3.130872646654375702e-02 2.143842499738263241e-02 0.000000000000000000e+00
3.756328919340620187e-01 2.745429736779320118e-01 2.469756826609212919e-01 1.817347707757078767e-01 1.648510034986350181e-01 1.107870925542348006e-01 1.050178376361732280e-01 7.420885867426174620e-02 3.491981865159510257e-02 2.225603696479910854e-02 0.000000000000000000e+00
4.165048265389668103e-01 2.824448810348800798e-01 1.958788029770401895e-01 1.703793928687311610e-01 1.608311084247096012e-01 1.398397470838330658e-01 1.024742329850105715e-01 6.346328732911921122e-02 2.848117315183351650e-02 2.046940340637026789e-02 0.000000000000000000e+00
4.546519655035445862e-01 2.658236276288854505e-01 2.281720309372526900e-01 1.851868056594287992e-01 1.581057558322180867e-01 1.246865801809657892e-01 9.979436379896422515e-02 6.583821432931374895e-02 3.410221287384768152e-02 2.177152616929295403e-02 0.000000000000000000e+00
4.764503306261602678e-01 2.500198129149893145e-01 2.388001819115003199e-01 1.902740149617544452e-01 1.341226530182915155e-01 1.295922816962823410e-01 9.161849170594094094e-02 7.148353260846496138e-02 3.423848050347233496e-02 2.177152616929306506e-02 0.000000000000000000e+00
4.737255349858333631e-01 2.857146358032727207e-01 2.101859292885270847e-01 1.803721254268709773e-01 1.526550506472343915e-01 1.371143573531015125e-01 1.004302649617548893e-01 6.393048608325557769e-02 3.093399048507611271e-02 2.261942006142902972e-02 0.000000000000000000e+00
4.355783960212558092e-01 2.827173605989130589e-01 2.186339467295953520e-01 1.973597707757079878e-01 1.608992422395219002e-01 1.407663795922817762e-01 9.202728531059212180e-02 6.576034787029061413e-02 4.115406270691984725e-02 2.125673344906786610e-02 0.000000000000000000e+00
4.383031916615826029e-01 2.813549627787494956e-01 2.095046375594085131e-01 1.988132591478010136e-01 1.431163165735143128e-01 1.221247138340780802e-01 9.629690740361529500e-02 6.443661806690359484e-02 3.089992357766985220e-02 2.092363227715737795e-02 0.000000000000000000e+00
4.464775785825635390e-01 2.731805758577686705e-01 2.517447247647501829e-01 1.860952358919871763e-01 1.527231844620469126e-01 1.283931102147606307e-01 9.993062833384747101e-02 7.401419252670499160e-02 3.199006461466641360e-02 2.207434541648434223e-02 0.000000000000000000e+00
4.383031916615827139e-01 2.873495131874688191e-01 2.135923879341190545e-01 1.854593347291961791e-01 1.546309312767912836e-01 1.373868963261747345e-01 1.008390585664060701e-01 6.564354818175621720e-02 3.406814596644136550e-02 2.083278650299991153e-02 0.000000000000000000e+00
4.464775785825636500e-01 2.601015567841992171e-01 2.262644140957214001e-01 1.846417475198941505e-01 1.576969529433442929e-01 1.213070969148588585e-01 9.116427658966186343e-02 6.482595036201743710e-02 3.842871011442816620e-02 2.158983462097835426e-02 0.000000000000000000e+00
4.165048265389670323e-01 2.710007393455072799e-01 2.411165737905027751e-01 1.719237242640798691e-01 1.463867396845039970e-01 1.212525891202443917e-01 1.043365149617548893e-01 6.969260405094090949e-02 3.543082226268734480e-02 2.155955269625936532e-02 0.000000000000000000e+00
4.246792134599477464e-01 2.688209028332453343e-01 2.193152384587138126e-01 1.752849161245452203e-01 1.646466020541982322e-01 1.273574621170828758e-01 1.017474887989644472e-01 6.256782305035724079e-02 3.038891996657749894e-02 1.980320106254951362e-02 0.000000000000000000e+00
4.165048265389668103e-01 2.410279873019103292e-01 2.285808059747242993e-01 1.636570091478009026e-01 1.587870939803410764e-01 1.240869944402052116e-01 1.113314277524526386e-01 6.751234319830334840e-02 3.904191444773896791e-02 2.225603696479910854e-02 0.000000000000000000e+00
4.328536003809286825e-01 2.516546902991855239e-01 2.161812965047691382e-01 1.866402940315216030e-01 1.504066347584290808e-01 1.209255423525559259e-01 9.706907310128987110e-02 6.821314132950789810e-02 3.141092718876220546e-02 2.177152616929317608e-02 0.000000000000000000e+00
4.601015567841985066e-01 3.012459709531365437e-01 2.465669076234500157e-01 1.930901486826844815e-01 1.421624431661419052e-01 1.339529052654528929e-01 9.979436379896422515e-02 6.751234319830318187e-02 2.786796881852310337e-02 2.174124424457402061e-02 0.000000000000000000e+00
4.519271698632175704e-01 2.489298946588586192e-01 2.197240134961846447e-01 1.903648579850102385e-01 1.516330434250505732e-01 1.249591191540386781e-01 9.688738705477795143e-02 6.883607300169003462e-02 2.998011707770420475e-02 2.143842499738263241e-02 0.000000000000000000e+00
4.083304396179858742e-01 2.601015567841991061e-01 1.975139031269242951e-01 1.848234335664056260e-01 1.514967757954258643e-01 1.252861659217270329e-01 9.924930565942913230e-02 7.191179813308989921e-02 3.100212429988846718e-02 2.059053110524711183e-02 0.000000000000000000e+00
4.437527829422366343e-01 2.606465159122647313e-01 2.264006724415450478e-01 1.720145672873358844e-01 1.594684321284640660e-01 1.058268832443034491e-01 9.743244519431315531e-02 7.265152949380626612e-02 3.004825089251639270e-02 2.165039847041660970e-02 0.000000000000000000e+00
3.511097311711193214e-01 3.167773061030001447e-01 2.078695374095245185e-01 1.831882591478009026e-01 1.593321644988391350e-01 1.159653330426249074e-01 1.084244510082664759e-01 6.786274226390587305e-02 3.055925450360830187e-02 2.092363227715721141e-02 0.000000000000000000e+00
4.246792134599477464e-01 2.696383415253433835e-01 2.265369307873686955e-01 1.915458172873357734e-01 1.548353327212282915e-01 1.100784912242450675e-01 9.211812833384791510e-02 6.762914288683724573e-02 2.422280972606571936e-02 2.068137687940413416e-02 0.000000000000000000e+00
4.056056439776588585e-01 2.530170881193489762e-01 2.257193807124268092e-01 1.764658754268708662e-01 1.479538174251868732e-01 1.171645045241469507e-01 9.466173298501090461e-02 6.439768483739249927e-02 3.400001215162917756e-02 2.143842499738279894e-02 0.000000000000000000e+00
3.810824832147162722e-01 2.489298946588583972e-01 2.546061500270471178e-01 1.729229975198938174e-01 1.559254737582249639e-01 1.380409898615500008e-01 9.906761961291765672e-02 7.452032451035295324e-02 2.524481694824987077e-02 2.170236706577144403e-02 0.000000000000000000e+00
4.546519655035444751e-01 2.224993769476870664e-01 2.552874417561654674e-01 2.019019219384989849e-01 1.651916725726961799e-01 1.293742505178241409e-01 1.021108608919877314e-01 6.953687113289563904e-02 2.783390191111667633e-02 2.213490926592298624e-02 0.000000000000000000e+00
3.538345268114464481e-01 3.094203578741174798e-01 2.390726986031476153e-01 1.712878231012894270e-01 1.681895604244374454e-01 1.259947672517168771e-01 1.003848434501268816e-01 7.010059349404196283e-02 3.512422009603211048e-02 2.231660081423747499e-02 0.000000000000000000e+00
3.783576875743891454e-01 2.783576875743899448e-01 2.244930556000136468e-01 1.916366603105918998e-01 1.435932532772002945e-01 1.348250299792872475e-01 9.525221263617367207e-02 6.206169106670889057e-02 3.635062876265326981e-02 2.301308508277777332e-02 0.000000000000000000e+00
4.437527829422365233e-01 2.690933823972780914e-01 2.313059728911974755e-01 1.870036661245447762e-01 1.601497702765868336e-01 1.337348740869948038e-01 1.052449451943129333e-01 7.148353260846490587e-02 2.909437748514387412e-02 2.089335035243822247e-02 0.000000000000000000e+00
4.028808483373320648e-01 2.797200853945532861e-01 2.093683792135849764e-01 1.612042475198938174e-01 1.553804032397264612e-01 1.227788073694537907e-01 1.064713260082666979e-01 6.980940373947519539e-02 2.933284583698725356e-02 2.189265386816985348e-02 0.000000000000000000e+00
4.682759437051793316e-01 2.571042815798396663e-01 2.213591136460689723e-01 1.667456719384985409e-01 1.704379763132429781e-01 1.380409898615506670e-01 9.529763414780145769e-02 5.770116936143360187e-02 3.222853296650951549e-02 2.207434541648478632e-02 0.000000000000000000e+00
3.865320744953700816e-01 2.805375240866515574e-01 2.075970207178770011e-01 1.950886951943126002e-01 1.589914954247776402e-01 1.286111413932191638e-01 1.010207446129177677e-01 7.109420031335106360e-02 3.522642081825033689e-02 2.131729729850623256e-02 0.000000000000000000e+00
4.601015567841985066e-01 2.682759437051800422e-01 2.070519873345821882e-01 1.800087533338474710e-01 1.430481827587015697e-01 1.286111413932191638e-01 1.040639858919873983e-01 7.245686334624934499e-02 3.328460709610020496e-02 2.183209001873159805e-02 0.000000000000000000e+00
4.219544178196208417e-01 3.189571426152617573e-01 2.172713632713583198e-01 2.010843347291961791e-01 1.611717774987713181e-01 1.258312438678732548e-01 1.025650760082663648e-01 7.035446895263453015e-02 2.871964150367661839e-02 2.131729729850612154e-02 0.000000000000000000e+00
3.456601398904652900e-01 2.941615022882863029e-01 2.180889133463005392e-01 1.864586079850099054e-01 1.371886746848447469e-01 1.335713507031504044e-01 9.943099170594082992e-02 7.284619564136379788e-02 2.895810985551972028e-02 2.252857428727161881e-02 0.000000000000000000e+00
4.873495131874683306e-01 2.560143633237085270e-01 2.140011629715902197e-01 1.922725614733823418e-01 1.512242405361767794e-01 1.236509320832874792e-01 1.046090440315223802e-01 7.226219719869253488e-02 3.457914957753382978e-02 2.164180138228771755e-02 0.000000000000000000e+00
4.492023742228905547e-01 2.603740363482319742e-01 2.138649046257663500e-01 1.819164568222195744e-01 1.603541717210233974e-01 1.297012972855121626e-01 1.023833899617550003e-01 6.887500623120179633e-02 3.655503020709005568e-02 2.316449470637316210e-02 0.000000000000000000e+00
3.511097311711193214e-01 2.821724014708475448e-01 2.161812965047691382e-01 1.739222707757076547e-01 1.673719546466896357e-01 1.207075111740977258e-01 1.002485789152431916e-01 7.261259626429500402e-02 3.229666678132181445e-02 2.168068039513565415e-02 0.000000000000000000e+00
4.492023742228905547e-01 2.780852080103569657e-01 2.202690468794792356e-01 1.900014858919869543e-01 1.660774121652560664e-01 1.241960100294341451e-01 8.961994519431321082e-02 6.739554350976895147e-02 3.560115679971798119e-02 2.274054776030542957e-02 0.000000000000000000e+00
4.710007393455064584e-01 2.810824832147169605e-01 2.047355954555798441e-01 1.884571544966379131e-01 1.650554049430719150e-01 1.280115556524589193e-01 1.096508318222202405e-01 7.101633385432798429e-02 3.083178976285783079e-02 2.301308508277777332e-02 0.000000000000000000e+00
3.483849355307924167e-01 2.456601398904660893e-01 2.156362631214743253e-01 1.881846254268708662e-01 1.555848046841632470e-01 1.335713507031505154e-01 1.057900033338479151e-01 8.219017072409651181e-02 3.181973007763594374e-02 2.207434541648428672e-02 0.000000000000000000e+00
4.628263524245255223e-01 2.573767611438722014e-01 1.878395605734434204e-01 1.938168928687312720e-01 1.596046997580885529e-01 1.198353864602638152e-01 1.031555556594292433e-01 7.296299532989758418e-02 3.229666678132170343e-02 2.240744658839521897e-02 0.000000000000000000e+00
