9.990610328638498405e-01 9.990610328638498405e-01 9.990610328638498405e-01 9.990610328638498405e-01 4.990610328638498405e-01 3.492957746478873582e-01 6.826291079812206730e-01 7.953051643192488029e-01 3.969148222669349191e-01 1.422535211267605959e-01 0.000000000000000000e+00
9.990610328638498405e-01 9.990610328638498405e-01 9.990610328638498405e-01 9.990610328638498405e-01 9.990610328638498405e-01 3.492957746478873582e-01 9.990610328638498405e-01 3.323943661971832109e-01 1.523474178403755319e-01 3.749368002889129636e-01 0.000000000000000000e+00
9.990610328638498405e-01 7.953051643192488029e-01 9.990610328638498405e-01 7.953051643192488029e-01 7.953051643192488029e-01 3.323943661971832109e-01 3.323943661971832109e-01 4.023474178403754209e-01 3.436619718309859017e-01 4.826291079812206064e-01 0.000000000000000000e+00
9.990610328638498405e-01 9.990610328638498405e-01 9.990610328638498405e-01 9.990610328638498405e-01 4.990610328638498405e-01 4.990610328638498405e-01 6.422535211267605959e-01 3.436619718309859017e-01 1.657276995305163592e-01 2.120408726871030325e-01 0.000000000000000000e+00
9.990610328638498405e-01 9.990610328638498405e-01 9.990610328638498405e-01 9.990610328638498405e-01 4.619718309859154881e-01 9.023474178403755319e-01 4.826291079812206619e-01 4.990610328638498405e-01 3.076291079812206730e-01 2.381846635367762532e-01 0.000000000000000000e+00
9.990610328638498405e-01 9.990610328638498405e-01 9.990610328638498405e-01 7.953051643192488029e-01 9.990610328638498405e-01 3.492957746478873582e-01 3.323943661971832109e-01 7.953051643192488029e-01 3.076291079812206730e-01 3.701291079812206730e-01 0.000000000000000000e+00
9.990610328638498405e-01 9.990610328638498405e-01 9.990610328638498405e-01 9.990610328638498405e-01 6.103286384976525092e-01 4.990610328638498405e-01 9.755868544600939662e-01 3.323943661971832109e-01 9.436619718309858795e-01 2.953051643192488029e-01 0.000000000000000000e+00
9.990610328638498405e-01 9.990610328638498405e-01 9.990610328638498405e-01 9.990610328638498405e-01 3.492957746478873582e-01 9.990610328638498405e-01 6.826291079812206730e-01 2.490610328638498405e-01 6.422535211267605959e-01 2.397496087636932227e-01 0.000000000000000000e+00
9.990610328638498405e-01 9.990610328638498405e-01 9.990610328638498405e-01 9.990610328638498405e-01 7.953051643192488029e-01 7.953051643192488029e-01 9.990610328638498405e-01 5.023474178403755097e-01 1.419181757209926342e-01 3.407597097737942726e-01 0.000000000000000000e+00
9.990610328638498405e-01 9.990610328638498405e-01 9.436619718309858795e-01 9.990610328638498405e-01 9.990610328638498405e-01 9.990610328638498405e-01 3.492957746478873582e-01 2.490610328638498405e-01 5.023474178403755097e-01 9.929577464788730268e-02 0.000000000000000000e+00
9.990610328638498405e-01 9.990610328638498405e-01 4.990610328638498405e-01 9.990610328638498405e-01 9.990610328638498405e-01 9.990610328638498405e-01 9.436619718309858795e-01 9.436619718309858795e-01 2.356807511737087912e-01 1.703051643192488029e-01 0.000000000000000000e+00
9.981220657276995700e-01 9.990610328638498405e-01 9.990610328638498405e-01 9.990610328638498405e-01 9.990610328638498405e-01 7.953051643192488029e-01 7.953051643192488029e-01 3.023474178403755541e-01 3.492957746478873027e-01 1.826291079812206730e-01 0.000000000000000000e+00
9.990610328638498405e-01 9.990610328638498405e-01 9.990610328638498405e-01 9.990610328638498405e-01 4.990610328638498405e-01 9.990610328638498405e-01 3.323943661971832109e-01 4.826291079812206619e-01 4.990610328638498405e-01 2.659624413145540989e-01 0.000000000000000000e+00
9.990610328638498405e-01 9.990610328638498405e-01 9.990610328638498405e-01 9.023474178403755319e-01 9.990610328638498405e-01 4.990610328638498405e-01 3.323943661971832109e-01 6.826291079812206730e-01 6.103286384976525092e-01 3.749368002889129636e-01 0.000000000000000000e+00
9.990610328638498405e-01 9.990610328638498405e-01 9.990610328638498405e-01 9.990610328638498405e-01 9.990610328638498405e-01 9.990610328638498405e-01 9.436619718309858795e-01 5.953051643192488473e-01 5.397719651240777683e-01 2.181368915245859297e-01 0.000000000000000000e+00
9.990610328638498405e-01 9.990610328638498405e-01 9.990610328638498405e-01 9.990610328638498405e-01 9.990610328638498405e-01 9.436619718309858795e-01 9.436619718309858795e-01 5.397719651240777683e-01 2.356807511737087912e-01 3.508607198748043832e-01 0.000000000000000000e+00
9.990610328638498405e-01 9.990610328638498405e-01 7.953051643192488029e-01 9.990610328638498405e-01 9.990610328638498405e-01 4.990610328638498405e-01 4.619718309859154326e-01 4.737759892689469288e-01 1.826291079812205620e-01 5.023474178403755097e-01 0.000000000000000000e+00
9.990610328638498405e-01 6.826291079812206730e-01 9.990610328638498405e-01 9.990610328638498405e-01 4.619718309859154881e-01 4.990610328638498405e-01 4.990610328638498405e-01 3.023474178403755541e-01 5.453051643192488029e-01 3.492957746478873582e-01 0.000000000000000000e+00
9.990610328638498405e-01 9.990610328638498405e-01 9.990610328638498405e-01 9.436619718309858795e-01 9.755868544600939662e-01 3.492957746478873582e-01 4.619718309859154881e-01 9.436619718309858795e-01 1.436619718309858351e-01 2.708644020988677514e-01 0.000000000000000000e+00
9.990610328638498405e-01 9.990610328638498405e-01 9.990610328638498405e-01 4.990610328638498405e-01 6.826291079812206730e-01 9.990610328638498405e-01 9.023474178403755319e-01 5.690140845070421616e-01 3.969148222669349746e-01 2.356807511737087912e-01 0.000000000000000000e+00
9.990610328638498405e-01 9.990610328638498405e-01 9.990610328638498405e-01 6.826291079812206730e-01 4.990610328638498405e-01 6.826291079812206730e-01 6.826291079812206730e-01 5.690140845070421616e-01 4.436619718309858795e-01 3.254862508383634667e-01 0.000000000000000000e+00
9.990610328638498405e-01 9.990610328638498405e-01 9.990610328638498405e-01 9.990610328638498405e-01 7.953051643192488029e-01 6.826291079812206730e-01 9.990610328638498405e-01 7.953051643192488029e-01 3.492957746478873582e-01 2.381846635367761977e-01 0.000000000000000000e+00
9.990610328638498405e-01 9.990610328638498405e-01 9.990610328638498405e-01 9.990610328638498405e-01 6.826291079812206730e-01 9.436619718309858795e-01 6.826291079812206730e-01 2.769953051643191388e-01 2.769953051643191388e-01 2.826291079812205953e-01 0.000000000000000000e+00
9.990610328638498405e-01 9.023474178403755319e-01 9.990610328638498405e-01 9.990610328638498405e-01 9.990610328638498405e-01 7.953051643192488029e-01 9.990610328638498405e-01 3.023474178403754431e-01 5.953051643192488473e-01 2.659837814767391784e-01 0.000000000000000000e+00
9.990610328638498405e-01 9.990610328638498405e-01 9.990610328638498405e-01 9.755868544600939662e-01 4.990610328638498405e-01 9.990610328638498405e-01 4.755868544600939662e-01 5.690140845070421616e-01 3.492957746478873027e-01 3.492957746478873582e-01 0.000000000000000000e+00
9.990610328638498405e-01 9.990610328638498405e-01 9.990610328638498405e-01 9.990610328638498405e-01 9.990610328638498405e-01 3.953051643192487807e-01 2.490610328638498405e-01 4.990610328638498405e-01 4.604068857589984631e-01 3.254862508383635222e-01 0.000000000000000000e+00
9.990610328638498405e-01 9.990610328638498405e-01 9.887323943661971981e-01 4.990610328638498405e-01 9.990610328638498405e-01 6.657276995305165812e-01 4.826291079812206619e-01 3.023474178403754431e-01 2.980137233658360363e-01 1.750746905676482390e-01 0.000000000000000000e+00
9.990610328638498405e-01 9.990610328638498405e-01 9.023474178403755319e-01 9.990610328638498405e-01 4.990610328638498405e-01 9.990610328638498405e-01 4.619718309859154881e-01 4.436619718309858795e-01 5.397719651240777683e-01 3.296879315106324149e-01 0.000000000000000000e+00
9.990610328638498405e-01 9.990610328638498405e-01 9.990610328638498405e-01 9.436619718309858795e-01 6.422535211267605959e-01 4.436619718309858795e-01 6.826291079812206730e-01 4.023474178403754209e-01 2.540576794097920144e-01 2.980137233658359253e-01 0.000000000000000000e+00
9.990610328638498405e-01 9.990610328638498405e-01 9.990610328638498405e-01 4.990610328638498405e-01 9.990610328638498405e-01 9.436619718309858795e-01 6.826291079812206730e-01 3.492957746478873582e-01 2.769953051643191388e-01 2.953051643192488029e-01 0.000000000000000000e+00
9.990610328638498405e-01 9.990610328638498405e-01 9.990610328638498405e-01 9.990610328638498405e-01 9.990610328638498405e-01 6.826291079812206730e-01 2.490610328638498405e-01 1.101721439749610010e-01 9.906103286384981832e-02 2.159624413145539990e-01 0.000000000000000000e+00
9.990610328638498405e-01 9.990610328638498405e-01 9.990610328638498405e-01 9.990610328638498405e-01 4.990610328638498405e-01 9.990610328638498405e-01 4.436619718309858795e-01 5.690140845070421616e-01 3.323943661971832109e-01 2.023474178403753543e-01 0.000000000000000000e+00
9.990610328638498405e-01 9.990610328638498405e-01 6.103286384976525092e-01 9.990610328638498405e-01 4.990610328638498405e-01 9.990610328638498405e-01 4.436619718309858795e-01 5.453051643192488029e-01 3.023474178403754431e-01 3.492957746478873582e-01 0.000000000000000000e+00
9.990610328638498405e-01 9.990610328638498405e-01 9.990610328638498405e-01 9.990610328638498405e-01 7.953051643192488029e-01 4.990610328638498405e-01 4.990610328638498405e-01 1.990610328638497961e-01 3.492957746478873027e-01 2.100397255326832413e-01 0.000000000000000000e+00
9.990610328638498405e-01 9.990610328638498405e-01 9.990610328638498405e-01 4.990610328638498405e-01 9.990610328638498405e-01 4.990610328638498405e-01 6.356807511737090355e-01 6.826291079812206730e-01 4.436619718309858795e-01 2.540576794097920144e-01 0.000000000000000000e+00
9.990610328638498405e-01 9.990610328638498405e-01 9.990610328638498405e-01 9.990610328638498405e-01 4.990610328638498405e-01 3.323943661971832109e-01 3.323943661971832109e-01 1.990610328638497961e-01 1.657276995305164702e-01 2.826291079812205953e-01 0.000000000000000000e+00
9.990610328638498405e-01 9.990610328638498405e-01 9.990610328638498405e-01 9.990610328638498405e-01 3.492957746478873582e-01 6.826291079812206730e-01 6.826291079812206730e-01 3.492957746478873027e-01 3.953051643192487807e-01 2.540576794097920144e-01 0.000000000000000000e+00
9.990610328638498405e-01 9.990610328638498405e-01 9.990610328638498405e-01 9.990610328638498405e-01 9.990610328638498405e-01 4.990610328638498405e-01 4.619718309859154326e-01 6.936619718309858795e-01 2.659837814767391784e-01 3.492957746478873582e-01 0.000000000000000000e+00
9.990610328638498405e-01 9.990610328638498405e-01 9.990610328638498405e-01 9.990610328638498405e-01 9.990610328638498405e-01 9.990610328638498405e-01 5.690140845070421616e-01 3.953051643192487807e-01 1.826291079812206730e-01 2.023474178403754653e-01 0.000000000000000000e+00
9.990610328638498405e-01 9.990610328638498405e-01 9.755868544600939662e-01 9.990610328638498405e-01 4.990610328638498405e-01 9.023474178403755319e-01 4.990610328638498405e-01 4.326291079812206730e-01 1.826291079812205620e-01 3.644472897994024962e-01 0.000000000000000000e+00
9.990610328638498405e-01 9.990610328638498405e-01 9.990610328638498405e-01 4.990610328638498405e-01 3.492957746478873582e-01 7.953051643192488029e-01 4.990610328638498405e-01 2.490610328638498405e-01 2.953051643192486919e-01 3.142080553496416906e-01 0.000000000000000000e+00
9.990610328638498405e-01 9.990610328638498405e-01 4.990610328638498405e-01 9.990610328638498405e-01 4.990610328638498405e-01 9.990610328638498405e-01 9.990610328638498405e-01 3.953051643192487807e-01 4.826291079812206619e-01 2.540576794097921254e-01 0.000000000000000000e+00
9.690140845070422948e-01 9.990610328638498405e-01 9.436619718309858795e-01 9.990610328638498405e-01 9.990610328638498405e-01 9.990610328638498405e-01 7.953051643192488029e-01 7.953051643192488029e-01 3.969148222669349191e-01 1.657276995305163592e-01 0.000000000000000000e+00
9.990610328638498405e-01 9.990610328638498405e-01 4.990610328638498405e-01 7.953051643192488029e-01 9.990610328638498405e-01 4.990610328638498405e-01 3.755868544600938774e-01 6.826291079812206730e-01 2.381846635367762532e-01 3.254862508383634667e-01 0.000000000000000000e+00
9.990610328638498405e-01 9.990610328638498405e-01 9.990610328638498405e-01 9.990610328638498405e-01 9.990610328638498405e-01 6.422535211267605959e-01 5.453051643192488029e-01 4.990610328638498405e-01 4.826291079812206064e-01 3.076291079812206730e-01 0.000000000000000000e+00
9.990610328638498405e-01 9.990610328638498405e-01 9.990610328638498405e-01 9.990610328638498405e-01 9.990610328638498405e-01 7.953051643192488029e-01 6.826291079812206730e-01 2.356807511737087912e-01 1.826291079812206730e-01 2.120408726871030325e-01 0.000000000000000000e+00
9.990610328638498405e-01 9.990610328638498405e-01 9.990610328638498405e-01 9.990610328638498405e-01 7.953051643192488029e-01 4.990610328638498405e-01 2.490610328638498405e-01 4.326291079812206730e-01 4.023474178403755319e-01 4.099018352539479659e-01 0.000000000000000000e+00
9.990610328638498405e-01 9.990610328638498405e-01 9.990610328638498405e-01 9.990610328638498405e-01 9.990610328638498405e-01 9.755868544600939662e-01 9.436619718309858795e-01 9.023474178403755319e-01 4.826291079812206619e-01 2.773474178403755319e-01 0.000000000000000000e+00
9.990610328638498405e-01 9.990610328638498405e-01 9.990610328638498405e-01 9.990610328638498405e-01 9.990610328638498405e-01 6.826291079812206730e-01 6.826291079812206730e-01 7.953051643192488029e-01 4.826291079812206064e-01 4.408089563019139678e-01 0.000000000000000000e+00
9.990610328638498405e-01 9.990610328638498405e-01 4.990610328638498405e-01 9.990610328638498405e-01 4.990610328638498405e-01 9.990610328638498405e-01 3.323943661971832109e-01 3.323943661971832109e-01 3.492957746478873027e-01 3.492957746478874137e-01 0.000000000000000000e+00
9.990610328638498405e-01 9.990610328638498405e-01 9.990610328638498405e-01 4.990610328638498405e-01 9.990610328638498405e-01 9.990610328638498405e-01 4.436619718309858795e-01 4.737759892689469288e-01 2.953051643192486919e-01 1.184439973172367599e-01 0.000000000000000000e+00
9.990610328638498405e-01 9.990610328638498405e-01 9.990610328638498405e-01 4.990610328638498405e-01 9.436619718309858795e-01 9.990610328638498405e-01 4.436619718309858795e-01 2.953051643192486919e-01 3.492957746478873027e-01 3.076291079812206730e-01 0.000000000000000000e+00
9.990610328638498405e-01 9.990610328638498405e-01 9.990610328638498405e-01 9.990610328638498405e-01 9.990610328638498405e-01 4.990610328638498405e-01 9.990610328638498405e-01 6.826291079812206730e-01 6.826291079812206730e-01 4.326291079812206730e-01 0.000000000000000000e+00
9.990610328638498405e-01 9.990610328638498405e-01 9.990610328638498405e-01 4.990610328638498405e-01 9.990610328638498405e-01 9.990610328638498405e-01 7.953051643192488029e-01 5.690140845070421616e-01 3.969148222669349191e-01 2.659837814767391784e-01 0.000000000000000000e+00
9.990610328638498405e-01 9.990610328638498405e-01 9.990610328638498405e-01 9.990610328638498405e-01 4.990610328638498405e-01 3.323943661971832109e-01 4.990610328638498405e-01 3.023474178403755541e-01 3.749368002889129636e-01 2.980137233658360363e-01 0.000000000000000000e+00
9.990610328638498405e-01 9.990610328638498405e-01 9.990610328638498405e-01 9.990610328638498405e-01 9.990610328638498405e-01 9.436619718309858795e-01 2.490610328638498405e-01 6.103286384976525092e-01 5.690140845070421616e-01 4.518598772119898355e-01 0.000000000000000000e+00
9.990610328638498405e-01 9.990610328638498405e-01 9.990610328638498405e-01 9.990610328638498405e-01 6.826291079812206730e-01 6.826291079812206730e-01 9.755868544600939662e-01 3.492957746478873027e-01 5.159624413145540434e-01 4.159624413145540101e-01 0.000000000000000000e+00
9.990610328638498405e-01 9.990610328638498405e-01 9.990610328638498405e-01 9.990610328638498405e-01 7.953051643192488029e-01 9.436619718309858795e-01 2.490610328638498405e-01 9.755868544600939662e-01 4.619718309859154326e-01 3.492957746478873027e-01 0.000000000000000000e+00
9.990610328638498405e-01 9.990610328638498405e-01 7.953051643192488029e-01 9.990610328638498405e-01 6.826291079812206730e-01 5.453051643192488029e-01 9.990610328638498405e-01 4.619718309859154881e-01 6.103286384976525092e-01 2.100397255326831303e-01 0.000000000000000000e+00
9.990610328638498405e-01 9.990610328638498405e-01 9.990610328638498405e-01 4.990610328638498405e-01 9.436619718309858795e-01 4.990610328638498405e-01 4.023474178403755319e-01 3.023474178403755541e-01 4.619718309859154326e-01 1.826291079812206730e-01 0.000000000000000000e+00
9.990610328638498405e-01 9.990610328638498405e-01 9.990610328638498405e-01 9.990610328638498405e-01 9.990610328638498405e-01 9.023474178403755319e-01 4.436619718309858795e-01 2.953051643192488029e-01 2.953051643192488029e-01 2.594902749832326272e-01 0.000000000000000000e+00
9.990610328638498405e-01 9.990610328638498405e-01 9.990610328638498405e-01 9.990610328638498405e-01 9.990610328638498405e-01 9.023474178403755319e-01 6.826291079812206730e-01 4.023474178403755319e-01 4.326291079812206730e-01 3.492957746478873582e-01 0.000000000000000000e+00
9.990610328638498405e-01 9.990610328638498405e-01 9.990610328638498405e-01 4.990610328638498405e-01 3.323943661971832109e-01 6.826291079812206730e-01 9.436619718309858795e-01 3.323943661971832109e-01 7.953051643192488029e-01 3.668396342970101087e-01 0.000000000000000000e+00
9.990610328638498405e-01 9.990610328638498405e-01 9.990610328638498405e-01 9.990610328638498405e-01 4.990610328638498405e-01 9.990610328638498405e-01 9.990610328638498405e-01 1.990610328638497961e-01 7.953051643192488029e-01 2.100397255326832413e-01 0.000000000000000000e+00
9.990610328638498405e-01 9.990610328638498405e-01 9.990610328638498405e-01 4.990610328638498405e-01 9.990610328638498405e-01 9.990610328638498405e-01 4.755868544600939662e-01 6.826291079812206730e-01 2.255868544600939662e-01 2.826291079812205953e-01 0.000000000000000000e+00
9.990610328638498405e-01 9.990610328638498405e-01 9.990610328638498405e-01 9.990610328638498405e-01 4.436619718309858795e-01 9.990610328638498405e-01 9.023474178403755319e-01 5.159624413145540434e-01 2.953051643192488029e-01 1.532173432753383135e-01 0.000000000000000000e+00
9.990610328638498405e-01 9.990610328638498405e-01 6.657276995305165812e-01 9.990610328638498405e-01 9.990610328638498405e-01 6.422535211267605959e-01 4.023474178403755319e-01 4.326291079812206730e-01 4.619718309859154326e-01 3.638858793788369850e-01 0.000000000000000000e+00
9.990610328638498405e-01 9.990610328638498405e-01 9.990610328638498405e-01 7.953051643192488029e-01 9.436619718309858795e-01 9.990610328638498405e-01 9.436619718309858795e-01 9.436619718309858795e-01 3.076291079812206730e-01 3.337667027807871278e-01 0.000000000000000000e+00
9.990610328638498405e-01 9.990610328638498405e-01 9.990610328638498405e-01 9.990610328638498405e-01 9.990610328638498405e-01 4.826291079812206619e-01 9.990610328638498405e-01 4.619718309859154326e-01 7.356807511737089023e-01 1.826291079812206730e-01 0.000000000000000000e+00
9.990610328638498405e-01 9.990610328638498405e-01 9.990610328638498405e-01 9.990610328638498405e-01 9.990610328638498405e-01 7.953051643192488029e-01 4.990610328638498405e-01 1.990610328638497961e-01 6.826291079812206730e-01 1.826291079812206730e-01 0.000000000000000000e+00
9.990610328638498405e-01 9.990610328638498405e-01 9.990610328638498405e-01 7.953051643192488029e-01 4.990610328638498405e-01 9.023474178403755319e-01 7.953051643192488029e-01 4.826291079812206619e-01 4.826291079812206619e-01 2.869628024557601131e-01 0.000000000000000000e+00
9.990610328638498405e-01 9.990610328638498405e-01 9.990610328638498405e-01 9.990610328638498405e-01 6.826291079812206730e-01 4.755868544600939662e-01 2.490610328638498405e-01 3.323943661971832109e-01 2.953051643192488029e-01 7.598410978692649032e-02 0.000000000000000000e+00
9.990610328638498405e-01 9.990610328638498405e-01 9.990610328638498405e-01 9.990610328638498405e-01 4.990610328638498405e-01 3.323943661971832109e-01 3.492957746478873582e-01 3.492957746478873027e-01 1.419181757209925232e-01 1.089201877934272700e-01 0.000000000000000000e+00
9.990610328638498405e-01 9.990610328638498405e-01 9.990610328638498405e-01 9.990610328638498405e-01 9.990610328638498405e-01 6.826291079812206730e-01 5.690140845070421616e-01 4.990610328638498405e-01 3.969148222669349191e-01 3.407597097737942171e-01 0.000000000000000000e+00
9.990610328638498405e-01 9.990610328638498405e-01 9.990610328638498405e-01 9.990610328638498405e-01 9.990610328638498405e-01 4.436619718309858795e-01 3.990610328638497517e-01 6.103286384976525092e-01 1.657276995305163592e-01 2.328051643192488029e-01 0.000000000000000000e+00
9.990610328638498405e-01 9.990610328638498405e-01 9.990610328638498405e-01 9.990610328638498405e-01 9.023474178403755319e-01 6.826291079812206730e-01 3.023474178403754431e-01 5.690140845070421616e-01 3.953051643192487807e-01 3.296879315106324149e-01 0.000000000000000000e+00
9.990610328638498405e-01 9.990610328638498405e-01 9.990610328638498405e-01 4.990610328638498405e-01 9.990610328638498405e-01 9.990610328638498405e-01 4.436619718309858795e-01 3.023474178403754431e-01 6.826291079812206730e-01 5.287829541350668183e-01 0.000000000000000000e+00
9.990610328638498405e-01 9.990610328638498405e-01 4.990610328638498405e-01 9.990610328638498405e-01 9.023474178403755319e-01 4.990610328638498405e-01 4.990610328638498405e-01 4.436619718309857685e-01 3.953051643192487807e-01 4.023474178403755319e-01 0.000000000000000000e+00
9.990610328638498405e-01 9.990610328638498405e-01 9.990610328638498405e-01 9.990610328638498405e-01 9.990610328638498405e-01 3.323943661971832109e-01 6.291079812206572530e-01 3.492957746478873582e-01 1.657276995305164702e-01 2.356807511737090133e-01 0.000000000000000000e+00
9.990610328638498405e-01 9.990610328638498405e-01 3.492957746478873582e-01 6.826291079812206730e-01 9.990610328638498405e-01 9.990610328638498405e-01 1.419181757209926342e-01 5.453051643192488029e-01 6.826291079812206730e-01 1.166331321260897225e-01 0.000000000000000000e+00
9.990610328638498405e-01 9.990610328638498405e-01 9.990610328638498405e-01 7.953051643192488029e-01 9.990610328638498405e-01 7.953051643192488029e-01 9.755868544600939662e-01 2.293762575452714669e-01 2.381846635367762532e-01 2.381846635367762532e-01 0.000000000000000000e+00
9.990610328638498405e-01 9.990610328638498405e-01 9.990610328638498405e-01 6.826291079812206730e-01 4.990610328638498405e-01 4.990610328638498405e-01 9.023474178403755319e-01 3.492957746478873582e-01 4.436619718309858795e-01 1.799205489346333842e-01 0.000000000000000000e+00
9.990610328638498405e-01 9.990610328638498405e-01 9.990610328638498405e-01 9.436619718309858795e-01 9.755868544600939662e-01 6.826291079812206730e-01 9.990610328638498405e-01 5.686619718309858795e-01 6.826291079812206730e-01 1.936619718309858795e-01 0.000000000000000000e+00
9.990610328638498405e-01 9.990610328638498405e-01 9.990610328638498405e-01 7.953051643192488029e-01 9.990610328638498405e-01 9.990610328638498405e-01 2.953051643192488029e-01 3.023474178403754431e-01 3.969148222669349191e-01 1.166331321260897225e-01 0.000000000000000000e+00
9.990610328638498405e-01 9.990610328638498405e-01 9.990610328638498405e-01 9.990610328638498405e-01 4.990610328638498405e-01 9.990610328638498405e-01 6.826291079812206730e-01 6.103286384976525092e-01 3.953051643192487807e-01 4.826291079812206619e-01 0.000000000000000000e+00
9.990610328638498405e-01 9.990610328638498405e-01 9.990610328638498405e-01 9.990610328638498405e-01 4.990610328638498405e-01 1.990610328638497961e-01 4.990610328638498405e-01 3.969148222669349191e-01 4.023474178403755319e-01 2.980137233658360363e-01 0.000000000000000000e+00
9.990610328638498405e-01 4.990610328638498405e-01 7.953051643192488029e-01 9.990610328638498405e-01 9.990610328638498405e-01 6.826291079812206730e-01 4.826291079812206619e-01 5.453051643192488029e-01 5.397719651240777683e-01 1.799205489346333842e-01 0.000000000000000000e+00
9.990610328638498405e-01 9.990610328638498405e-01 9.990610328638498405e-01 9.990610328638498405e-01 9.990610328638498405e-01 4.619718309859154881e-01 4.990610328638498405e-01 9.023474178403755319e-01 4.326291079812206730e-01 2.023474178403754653e-01 0.000000000000000000e+00
9.990610328638498405e-01 4.990610328638498405e-01 9.990610328638498405e-01 4.990610328638498405e-01 9.990610328638498405e-01 9.023474178403755319e-01 5.690140845070421616e-01 3.189927443448570266e-01 1.826291079812206730e-01 2.708644020988677514e-01 0.000000000000000000e+00
9.990610328638498405e-01 9.990610328638498405e-01 9.990610328638498405e-01 9.990610328638498405e-01 4.990610328638498405e-01 3.323943661971832109e-01 4.990610328638498405e-01 2.356807511737087912e-01 5.397719651240777683e-01 1.089201877934272700e-01 0.000000000000000000e+00
9.990610328638498405e-01 9.990610328638498405e-01 9.990610328638498405e-01 9.990610328638498405e-01 9.990610328638498405e-01 9.990610328638498405e-01 2.490610328638498405e-01 6.826291079812206730e-01 4.619718309859154881e-01 1.703051643192488029e-01 0.000000000000000000e+00
9.990610328638498405e-01 9.990610328638498405e-01 9.990610328638498405e-01 6.826291079812206730e-01 6.826291079812206730e-01 6.826291079812206730e-01 3.492957746478873582e-01 2.826291079812206508e-01 6.826291079812206730e-01 8.262910798122069522e-02 0.000000000000000000e+00
9.990610328638498405e-01 9.990610328638498405e-01 9.990610328638498405e-01 9.990610328638498405e-01 9.990610328638498405e-01 3.323943661971832109e-01 9.990610328638498405e-01 3.436619718309857907e-01 3.826291079812206286e-01 1.523474178403755319e-01 0.000000000000000000e+00
9.990610328638498405e-01 9.990610328638498405e-01 4.990610328638498405e-01 9.990610328638498405e-01 4.990610328638498405e-01 4.990610328638498405e-01 6.826291079812206730e-01 4.023474178403754209e-01 2.826291079812206508e-01 3.701291079812206730e-01 0.000000000000000000e+00
9.990610328638498405e-01 9.990610328638498405e-01 9.990610328638498405e-01 4.990610328638498405e-01 4.990610328638498405e-01 6.103286384976525092e-01 6.286384976525820623e-01 4.990610328638498405e-01 3.953051643192487807e-01 3.023474178403754431e-01 0.000000000000000000e+00
9.990610328638498405e-01 9.990610328638498405e-01 9.990610328638498405e-01 6.826291079812206730e-01 6.826291079812206730e-01 9.990610328638498405e-01 4.990610328638498405e-01 5.023474178403755097e-01 2.293762575452714669e-01 3.786384976525821733e-01 0.000000000000000000e+00
9.990610328638498405e-01 9.990610328638498405e-01 6.826291079812206730e-01 9.990610328638498405e-01 9.990610328638498405e-01 7.953051643192488029e-01 6.826291079812206730e-01 4.826291079812206619e-01 1.657276995305163592e-01 2.356807511737089023e-01 0.000000000000000000e+00
9.990610328638498405e-01 9.990610328638498405e-01 7.953051643192488029e-01 9.990610328638498405e-01 6.422535211267605959e-01 4.990610328638498405e-01 5.453051643192488029e-01 6.826291079812206730e-01 5.576291079812206730e-01 2.159624413145539990e-01 0.000000000000000000e+00
9.990610328638498405e-01 9.990610328638498405e-01 9.990610328638498405e-01 9.990610328638498405e-01 4.990610328638498405e-01 2.490610328638498405e-01 9.023474178403755319e-01 3.755868544600939885e-01 3.953051643192487807e-01 3.749368002889129636e-01 0.000000000000000000e+00
9.990610328638498405e-01 9.990610328638498405e-01 9.990610328638498405e-01 9.990610328638498405e-01 9.990610328638498405e-01 9.990610328638498405e-01 7.953051643192488029e-01 5.690140845070421616e-01 3.309188464118041351e-01 3.644472897994024407e-01 0.000000000000000000e+00
