2.397702206966512151e-02 6.654240847268991232e-02 1.097381296413924984e-01 1.451502953666434226e-01 1.991623569456452136e-01 2.541231496821302338e-01 3.184059631459197348e-01 3.958306339964750564e-01 4.522832616222287605e-01
2.983002465291293565e-02 8.606847058810379592e-02 1.084606001628287963e-01 1.454171059738865179e-01 1.996148298207671978e-01 2.561893462938947263e-01 3.274046000852338101e-01 3.924206248295957211e-01 4.585777471564064789e-01
2.234332425068120270e-02 7.184864724808050218e-02 1.145578749864337997e-01 1.426895756882640420e-01 2.020408524534691441e-01 2.483031185827855591e-01 3.134888399832578276e-01 3.902554839384692609e-01 4.560429900649438095e-01
2.443233424159854672e-02 6.789423772742936292e-02 1.066166438338377459e-01 1.467699357097441981e-01 2.023215479819067686e-01 2.548516850485161300e-01 3.328627671725128967e-01 3.879097886564213948e-01 4.575291698935681217e-01
4.069028156221617121e-02 7.435276292154724409e-02 1.040843603275104501e-01 1.541915044725406803e-01 1.955853446324681555e-01 2.558082387918559353e-01 3.270738307991672422e-01 3.868490462158559184e-01 4.590070787810751618e-01
1.910351229152319058e-02 6.650432651165873177e-02 1.057143869513491180e-01 1.466795282151550361e-01 1.987564959578239643e-01 2.530310060119789761e-01 3.207805099377551983e-01 3.970674170466643171e-01 4.601513254350301230e-01
5.491111976125599703e-02 7.240219071573825160e-02 1.026963498777466732e-01 1.545216695279045260e-01 1.994132302157974046e-01 2.520108326522138564e-01 3.121751090211563606e-01 3.951456809783003288e-01 4.515879809093504282e-01
5.199169586090566370e-02 7.558428304525255381e-02 1.072376629294951311e-01 1.491971223821474124e-01 1.938042369282260424e-01 2.634948626156685125e-01 3.198785507097284264e-01 3.946735483792922494e-01 4.568487115689927047e-01
5.153150815276157093e-02 7.798212056360932787e-02 1.020980553612925029e-01 1.419247345063718579e-01 2.017012601327056454e-01 2.607225396371758430e-01 3.123629704953733710e-01 3.905410547208379990e-01 4.598553910575665649e-01
6.257298559750876232e-02 7.897562223935733483e-02 1.036982277006151532e-01 1.542355303159152202e-01 1.953704275990743588e-01 2.549079832197472806e-01 3.230962069750106247e-01 3.911059772795524858e-01 4.570362725533932413e-01
3.661173824661562853e-02 6.867238960165102102e-02 1.070430875243139762e-01 1.505531811280087784e-01 1.960103391169610298e-01 2.437531370872648151e-01 3.177244658560459123e-01 3.882725076309045398e-01 4.608387347488500652e-01
5.513818606461658861e-02 6.181469390132902919e-02 1.092324170164481328e-01 1.523888243148182609e-01 2.056157522426270423e-01 2.603642763137606897e-01 3.242435999545449365e-01 3.922141890487709226e-01 4.567744329164338812e-01
2.674841053587647538e-02 7.781103544472964262e-02 1.069175638605815576e-01 1.470828317167985344e-01 2.019657570339813135e-01 2.539976175395100011e-01 3.202488441994088553e-01 3.893756987009567849e-01 4.594398874718247927e-01
2.415985467756584515e-02 6.944170567131470462e-02 1.099734412488973384e-01 1.546149187774712719e-01 1.976649947965122278e-01 2.607983127109564925e-01 3.203308861423626586e-01 3.929222620308757685e-01 4.525813100512994236e-01
5.557069330911294097e-02 7.635982563362932185e-02 1.054037489760299706e-01 1.563561100451494879e-01 1.968162987214540083e-01 2.516992431812467568e-01 3.190650113712896196e-01 3.906253603816853825e-01 4.571997635103605684e-01
3.195579775961247121e-02 7.294917985608689870e-02 1.083012486885134157e-01 1.426717151166027597e-01 2.072471712006484501e-01 2.527853743027250744e-01 3.173297906678466673e-01 3.861902227029645474e-01 4.545771307451294541e-01
5.513169845594913937e-02 7.824393992383014973e-02 1.018868859568605595e-01 1.502765090415241478e-01 2.020177037754739557e-01 2.597401529417041610e-01 3.227007929671856790e-01 3.844889962391709326e-01 4.605930361459567024e-01
4.395354872194109225e-02 7.389114109992138413e-02 1.051870214372786216e-01 1.508129058727663840e-01 1.999375929976273114e-01 2.598966102151211710e-01 3.280146954978078733e-01 3.965041618553337699e-01 4.609488279557263923e-01
2.234332425068119576e-02 7.475434101968861378e-02 1.077502473484102108e-01 1.454040624928839842e-01 1.993235631781902217e-01 2.552816282663965541e-01 3.177461145522121888e-01 3.892320606427130958e-01 4.603033360169931365e-01
5.142381559992344198e-02 7.033657159273436210e-02 1.089094953380160269e-01 1.490874657132193193e-01 1.958656057036593512e-01 2.635082122957625450e-01 3.133453992187849035e-01 3.892980085345250640e-01 4.564576159865396110e-01
4.669131957960295787e-02 6.239742399107670728e-02 1.036599984014286574e-01 1.464885260254115140e-01 1.982702750117783796e-01 2.559422063975321793e-01 3.231209615375851829e-01 3.936864451795208941e-01 4.563264609288659179e-01
2.414471692400847053e-02 6.164455883453676122e-02 9.589752511550184155e-02 1.549288244275963122e-01 2.024087953533207362e-01 2.580589855487798179e-01 3.177280610973667874e-01 3.928274466633255302e-01 4.527985770198830195e-01
3.691449331776307241e-02 6.739402770790663133e-02 1.113905948430082005e-01 1.479467428167159648e-01 2.006143269815224006e-01 2.583015922495114913e-01 3.167394432521297154e-01 3.832727804070094058e-01 4.587949088290126931e-01
7.503850977965420554e-02 8.102089398248782381e-02 1.204750496690761979e-01 1.548481698817101571e-01 1.908248410393976746e-01 2.549517577639843213e-01 3.179602858646928820e-01 3.885191363251042085e-01 4.623678989506529446e-01
5.669953721724839413e-02 7.531433325169663295e-02 1.071263691438610471e-01 1.492084364309488043e-01 1.999771671589278266e-01 2.624730170041609800e-01 3.169412582167878689e-01 3.936334001156038265e-01 4.547346342985033041e-01
4.114441416893732661e-02 6.864487447911189755e-02 1.012638122062985008e-01 1.531387560864329034e-01 1.988515613650815861e-01 2.580751553046787827e-01 3.172653657318881271e-01 3.884884517018801775e-01 4.638384071830412014e-01
6.489554950045413328e-02 7.055989175904887889e-02 1.048642964954510370e-01 1.521271811540594876e-01 1.900296616746881828e-01 2.523049131846012427e-01 3.201548238907546140e-01 3.865673504460918064e-01 4.616073995812352004e-01
1.980450672548765556e-02 7.405979029446861650e-02 1.035484227186768275e-01 1.486889328738604799e-01 2.034683013505408644e-01 2.625653918368082707e-01 3.216261147414246069e-01 3.946006608727136711e-01 4.570135289477694207e-01
2.114960425587128490e-02 7.997313768242282628e-02 1.148190828707614380e-01 1.466104319649565724e-01 1.947501010289544032e-01 2.575333512955444992e-01 3.190884962238541012e-01 3.846740251906603514e-01 4.586312438473737485e-01
3.737098505490876049e-02 6.320812510068728185e-02 1.043043680512502208e-01 1.573531163160575841e-01 1.999890453831892623e-01 2.569092022850973378e-01 3.149730775588112652e-01 3.828011505509781864e-01 4.579059910691555269e-01
5.256759589184656356e-02 8.419778477937735206e-02 1.021240438499531472e-01 1.459082575901115564e-01 2.020681034567953505e-01 2.579926287718862787e-01 3.166986018974032868e-01 3.880517950746971700e-01 4.596392078189349140e-01
4.090686788234471072e-02 7.356339561753083567e-02 1.095088242731647038e-01 1.397730683604721802e-01 2.099596796864300063e-01 2.425207287965298886e-01 3.214844491590277964e-01 3.894253765316597615e-01 4.557900281171612944e-01
6.839237057220708127e-02 7.680916395879522351e-02 1.078936459352418248e-01 1.564618008387263226e-01 2.012479181418309337e-01 2.508765785339993615e-01 3.202044378315611617e-01 3.904295383613620718e-01 4.609623018744541945e-01
5.715583236019202568e-02 6.958010882078331794e-02 1.116785400301311959e-01 1.420762251171344970e-01 1.994460907787673765e-01 2.581940344686013966e-01 3.196716102808146998e-01 4.052985521407110880e-01 4.536261702578952004e-01
4.795640326975477569e-02 7.300171283573274328e-02 1.054587624465951334e-01 1.485142675646309030e-01 1.987098401564556249e-01 2.511516555041805043e-01 3.226902268398382789e-01 3.839773240607149418e-01 4.592403254098300081e-01
4.841053587647593109e-02 6.299387034109817096e-02 1.042647920815122642e-01 1.498449486524661978e-01 1.989125169878752097e-01 2.656839465950294743e-01 3.142596447209441424e-01 3.918783811276448925e-01 4.630065697988543505e-01
2.343823297501771569e-02 6.497025938207907914e-02 1.072981938353353010e-01 1.567684106740340477e-01 1.985011215608623869e-01 2.488851844929630686e-01 3.174324985417095180e-01 3.958852671807406298e-01 4.520777392545731743e-01
1.889191643960036471e-02 6.777869461149131636e-02 1.081330391344741959e-01 1.542036298744418332e-01 1.957083815209464395e-01 2.535547059136432080e-01 3.254557097242142261e-01 3.923479549326037708e-01 4.618252451100329226e-01
9.311035618937525682e-02 7.558138556011385900e-02 1.038713817556422281e-01 1.573414251814593545e-01 1.979605253301533196e-01 2.520387114604524248e-01 3.249546063802779550e-01 3.964081240543894102e-01 4.555784422939771483e-01
5.643288709868498482e-02 8.004859029912798907e-02 1.097766607976964071e-01 1.503478441302046054e-01 1.906633461536844654e-01 2.552225074063360633e-01 3.193816220180664134e-01 3.925234433508030252e-01 4.544198575195443346e-01
4.318801089918256758e-02 7.567515049376485892e-02 1.150226447640117222e-01 1.471892323517763612e-01 2.046464232211003265e-01 2.624951397152927024e-01 3.120183333474993992e-01 3.839359017864975576e-01 4.609175942446537833e-01
4.692703602785346095e-02 6.750389378843837940e-02 1.083487921452961217e-01 1.523842855725308365e-01 1.955693495057226616e-01 2.547503414575589265e-01 3.159329296852740332e-01 3.930276005249519478e-01 4.583478453752758974e-01
1.735435318541585573e-02 7.020335782445338846e-02 1.055047789021103799e-01 1.499632041597970811e-01 2.006663265507164784e-01 2.563583792377072124e-01 3.270926096319536347e-01 3.909513881253079415e-01 4.652892911062729286e-01
4.449850785000648151e-02 7.979040169092016521e-02 9.626857951404274583e-02 1.449438879588643148e-01 1.973330473858125045e-01 2.530004112143579009e-01 3.135682970115920565e-01 3.896964424176103670e-01 4.637066322688552233e-01
3.900350330868041643e-02 7.267529879752834820e-02 1.070211499087534296e-01 1.542582955685209700e-01 1.943625922450370747e-01 2.556200648584621704e-01 3.161744649547144626e-01 3.862253128523407963e-01 4.563012331665353694e-01
5.753211366290385959e-02 6.668801244803673756e-02 1.026939334426529987e-01 1.477211248142034916e-01 1.958222929236474175e-01 2.485156988499339914e-01 3.184170946523861012e-01 3.856794054922409454e-01 4.562950477439740027e-01
3.197958565805977815e-02 6.671632114486038267e-02 1.118437541854569589e-01 1.551999080000057707e-01 2.024632666005886650e-01 2.483218489590028055e-01 3.218139556127095902e-01 3.839927560609363577e-01 4.590681466260589372e-01
9.091988846757240172e-02 6.534575754763613520e-02 1.093402677572671011e-01 1.509069664766230501e-01 1.966924299467328885e-01 2.613190093076429021e-01 3.284688114554144001e-01 3.905852010156532494e-01 4.540200104953293070e-01
5.413260672116257388e-02 7.160469036192777803e-02 1.024489602425860679e-01 1.531580259476587325e-01 1.990414368603825868e-01 2.604613717112227445e-01 3.290437951885361589e-01 3.970765870357461647e-01 4.610672097112121226e-01
3.709614636045154012e-02 5.900675621370783663e-02 1.118423198071772373e-01 1.571687427070151410e-01 1.935586827688601796e-01 2.592845387521084954e-01 3.198170183226570762e-01 3.939680240740879302e-01 4.594105178936487288e-01
7.253362743825959857e-02 7.420174708583189560e-02 1.106586705520646446e-01 1.436847223583399835e-01 1.981046345709152057e-01 2.609702187373964533e-01 3.166120415024930024e-01 3.852073391420244852e-01 4.580555502716458505e-01
4.540500371563042231e-02 7.326080118604479108e-02 1.158802841006746631e-01 1.456703813996027552e-01 1.966369797326569524e-01 2.518695659006385812e-01 3.212119682469015136e-01 3.908732977490923521e-01 4.588494865894361396e-01
3.370420829548895214e-02 7.059635559378721337e-02 1.074176223049499446e-01 1.482195852434142203e-01 2.035975252135020508e-01 2.637177728545920252e-01 3.149144113915434140e-01 3.885484286567002510e-01 4.544449186156778731e-01
3.533151680290644997e-02 7.001409827144051967e-02 1.052919879337511216e-01 1.551489899772541536e-01 1.946666946244542951e-01 2.573305196304152553e-01 3.129832794701367105e-01 3.949770986696253261e-01 4.570943837779840591e-01
4.023614895549499498e-02 6.922825025940806953e-02 1.011317393012067939e-01 1.490371589489660198e-01 1.988867574526714810e-01 2.583778541336003709e-01 3.226595250383915148e-01 3.875794540610591477e-01 4.628142838332032771e-01
2.543142597638510527e-02 7.336574706375377508e-02 1.098025556629548954e-01 1.458161743243978625e-01 1.962582315369829078e-01 2.544609998288006603e-01 3.212782715781357101e-01 3.892835846933187516e-01 4.566708604358610257e-01
3.828573787701852749e-02 7.353141864547253770e-02 1.010607745751080089e-01 1.462650256297982898e-01 2.006455964517208368e-01 2.571099136423057319e-01 3.192893613939877806e-01 3.907784257069302769e-01 4.546918295680512645e-01
3.492928506552484685e-02 7.584281885685816016e-02 1.184528456129677609e-01 1.542880629732834574e-01 1.938562756562052236e-01 2.519379629342844984e-01 3.301760929401881262e-01 3.960398292215488447e-01 4.645780024031735400e-01
2.974568574023615103e-02 7.349882288047412948e-02 1.009248070902413891e-01 1.431794012556949491e-01 1.945301986455252874e-01 2.613326815350940358e-01 3.167116621487679473e-01 3.840767607033897524e-01 4.528404052597412299e-01
4.238354742441935441e-02 7.455988593410892151e-02 1.107546956032568475e-01 1.516239173287233510e-01 2.010041351995707493e-01 2.553973199360761726e-01 3.153801895721333737e-01 3.937252175766048357e-01 4.542378860750908021e-01
4.096276112624886584e-02 7.584055843891227000e-02 1.054391630496090831e-01 1.461085499408651400e-01 1.890542397995358392e-01 2.548128309665419478e-01 3.212622986689446236e-01 3.918059619036143859e-01 4.603125204836588380e-01
1.029778123783573474e-01 7.264608868745961456e-02 9.902904410358535914e-02 1.459578040448155922e-01 1.983555290432983120e-01 2.468840610076257769e-01 3.186360976389215338e-01 3.784625341542398047e-01 4.560553365975875129e-01
4.321828640629730295e-02 7.336948451749050748e-02 1.037512095342973950e-01 1.540613947746449219e-01 1.936068277000101145e-01 2.623058661508105849e-01 3.254856447074788717e-01 3.898799352172429011e-01 4.512985429629747247e-01
3.169845594913714426e-02 8.383658710689316507e-02 1.152232276959909707e-01 1.426381235378298695e-01 1.943687300451385769e-01 2.543972906405524981e-01 3.200043153989513556e-01 3.876624675514993568e-01 4.566744052245391705e-01
1.952770208900998783e-02 7.369058099343615831e-02 1.044882204743710213e-01 1.402784932644591809e-01 1.978218497042570911e-01 2.664814520609386506e-01 3.176488926687257019e-01 3.908045942341051293e-01 4.549900621853695259e-01
5.364819860732667617e-02 7.621261687998127921e-02 1.057967388917856050e-01 1.479128102682669976e-01 2.069936836140648384e-01 2.526998082535913404e-01 3.203703438194848707e-01 3.936893281821933210e-01 4.559628497885369058e-01
3.268457246658881127e-02 7.099409398657115233e-02 1.206500131654602431e-01 1.497622889144270275e-01 1.983567048845494840e-01 2.559636041996762867e-01 3.205619444232877258e-01 3.885810440374571351e-01 4.582381332324403922e-01
4.039401409973616269e-02 6.529161053713661289e-02 1.027639507292426174e-01 1.434004588336921238e-01 1.940924898593386072e-01 2.642835010153559705e-01 3.234604439927945552e-01 3.995229323928267129e-01 4.565921807536492127e-01
5.184896847022187755e-02 8.366420864849974381e-02 1.094454618078032487e-01 1.385433417029557912e-01 1.988390023950740715e-01 2.545429571801783308e-01 3.182159027567719733e-01 3.962646780711181482e-01 4.534802752161122275e-01
2.597638510445049800e-02 7.178942029436811978e-02 1.088702189934293019e-01 1.503346505467727245e-01 1.991432810831430256e-01 2.577788279216563505e-01 3.203030016546647984e-01 3.903222769681070625e-01 4.592923477132097587e-01
5.472367777544889789e-02 7.724025905702346095e-02 1.079438590075094961e-01 1.516873159322752740e-01 1.954146834368586105e-01 2.586109340478655594e-01 3.204241863041316085e-01 3.920851346224201173e-01 4.615961490596986461e-01
6.670972079691425694e-02 7.906433890002165232e-02 1.119214549773921291e-01 1.512225280207384059e-01 1.936071767687634060e-01 2.574652086024419306e-01 3.104801369253163412e-01 3.908421608137166992e-01 4.569960776349677456e-01
1.498744206078127944e-02 6.785072995002500162e-02 1.020488838440441470e-01 1.474328210624940294e-01 2.023341095313886118e-01 2.577736374333743363e-01 3.205374090251171260e-01 3.845590790436871353e-01 4.591607865979384084e-01
6.224411374275134329e-02 8.376225136871703891e-02 1.075689963142495015e-01 1.476598200086196022e-01 1.997675655843082487e-01 2.572317749933788478e-01 3.176777001028395775e-01 3.857081515303142361e-01 4.545648840750634578e-01
3.451407811080835220e-02 6.575615275712491659e-02 1.004615544402892441e-01 1.531688596112068257e-01 2.024717756625112608e-01 2.557978935380749164e-01 3.186742205189641575e-01 3.897203446419328920e-01 4.523796678106643543e-01
5.710393149085246645e-02 6.594947686921005803e-02 1.102198508039712033e-01 1.431428959799037059e-01 1.980504725011058842e-01 2.618400358783410931e-01 3.230376376171863462e-01 3.890610145300645861e-01 4.602795626423397124e-01
3.811764983427108622e-02 7.165254633103237958e-02 1.056569824791076806e-01 1.488767648948080835e-01 2.055765098725475803e-01 2.543588448240888256e-01 3.178577461794093728e-01 3.845511603279168633e-01 4.638159780990268599e-01
4.786557674841052795e-02 7.587703191689580684e-02 1.078016660390836434e-01 1.472914225071360883e-01 2.042405980510055563e-01 2.643480306051977369e-01 3.290859353529158593e-01 3.875293937032537328e-01 4.627308810997263766e-01
4.042428960685091888e-02 6.579647223532833489e-02 1.064264785593137946e-01 1.489903505223637292e-01 1.927378889152337182e-01 2.483444406908975610e-01 3.233173489556441793e-01 3.875684115464960722e-01 4.568442821909640128e-01
6.545564638207690411e-02 7.551598348233756752e-02 1.159703826240442298e-01 1.531891544648119607e-01 2.059736276359106222e-01 2.636341134093421190e-01 3.145573868326549949e-01 3.852089032429072413e-01 4.572868805267053527e-01
1.943687556766576091e-02 6.747654606491416962e-02 1.038578280767570028e-01 1.478364175289071658e-01 1.943514682908799307e-01 2.476424867348982761e-01 3.187597301890635615e-01 3.835973544925941892e-01 4.604669232978822468e-01
7.609414503147475528e-02 6.756593589649506626e-02 1.110773277551289628e-01 1.526831511538765673e-01 1.979853829321644998e-01 2.565931035527141968e-01 3.141235669470255343e-01 3.909508388373054699e-01 4.519711613640845504e-01
6.601790579992213026e-02 7.668059580163887057e-02 1.111569643507507588e-01 1.473654354482250295e-01 1.848882133962748420e-01 2.579256315808041156e-01 3.200944199486572272e-01 4.029339328128390685e-01 4.606023857661850074e-01
4.671530407225229359e-02 7.167710615375462446e-02 1.064696761789961921e-01 1.517399801679688021e-01 2.014592746006592106e-01 2.539458096972693757e-01 3.193825264874020076e-01 3.828731990621520587e-01 4.605487487440207972e-01
5.306863889970157844e-02 6.409935002734719334e-02 1.142430217655548697e-01 1.493738991130637017e-01 2.004303460185866415e-01 2.606559687768245648e-01 3.167288048597116101e-01 3.842195997849686129e-01 4.541001505362689539e-01
2.257687816270922271e-02 7.664892408679049862e-02 1.035732091276918426e-01 1.508550613195324408e-01 1.992533555203941098e-01 2.616283490428785163e-01 3.131326406311273347e-01 3.866660922201787809e-01 4.609868936763518721e-01
2.797456857402361857e-02 6.540838661741336935e-02 1.152791184538353303e-01 1.511631259627086998e-01 1.983170756991488037e-01 2.571490273018739448e-01 3.230700720398104742e-01 3.894734893232884021e-01 4.548827557422259193e-01
1.162579473206176196e-02 5.764344975564861251e-02 1.109596092498354308e-01 1.536340618992661500e-01 1.983948172332572202e-01 2.555044838224822534e-01 3.208857764743140994e-01 3.918635089308961650e-01 4.565040958102596913e-01
4.667185675360062402e-02 6.588103333552453034e-02 1.085360210878774240e-01 1.486307781712942477e-01 1.949457247941341620e-01 2.578688060094519452e-01 3.195774373599453155e-01 3.918167357292542952e-01 4.561800754280026515e-01
4.458068422646080387e-02 6.488869177125096421e-02 1.080146661613458486e-01 1.478413675133781191e-01 1.993661365891817583e-01 2.630623049828498816e-01 3.168481894910205043e-01 3.932995228020428891e-01 4.557894632978247151e-01
5.631244323342416563e-02 8.020110119784622238e-02 1.103851507095880563e-01 1.523843800698051754e-01 1.966680553699481637e-01 2.467007285827401142e-01 3.246310441557979654e-01 3.898530409452263257e-01 4.602921585896402878e-01
5.657194758012194791e-02 6.243234198312855310e-02 1.039764483299200487e-01 1.419938566426441617e-01 1.938625504943541911e-01 2.511216132913247079e-01 3.219855414962201623e-01 3.940371054450500510e-01 4.594797902633893094e-01
5.924916742355434279e-02 7.189602113909275560e-02 1.027901775511455285e-01 1.417971013787682200e-01 1.983683359389539491e-01 2.594540270565831031e-01 3.237418970252874395e-01 3.815959904710543027e-01 4.586560855652208057e-01
2.552225249772933913e-02 7.179328612419649813e-02 1.035049423515894546e-01 1.471848485388718986e-01 2.021778277227163634e-01 2.553182443993602946e-01 3.160316099402186163e-01 3.944562666219940672e-01 4.545900024651556293e-01
0.000000000000000000e+00 6.401483588995143803e-02 1.043792234508667954e-01 1.455296731596343318e-01 1.930643064755264982e-01 2.516344469301762254e-01 3.156664907643922935e-01 3.967307955926477336e-01 4.576703059553874908e-01
8.781312541530526816e-02 7.389785838267677598e-02 1.025402743856199395e-01 1.641197900451063785e-01 1.995598139943462190e-01 2.511570958670534259e-01 3.303635539227969820e-01 3.893388971020835809e-01 4.588634606381382097e-01
2.497729336966393945e-02 6.429682147799850589e-02 1.030348656601661333e-01 1.489532017763111893e-01 1.980601694265080870e-01 2.598965663797310199e-01 3.089401588129358500e-01 3.878787400558909026e-01 4.577268844731910424e-01
3.727779940313999396e-02 7.499981166083255490e-02 1.074064476710799437e-01 1.488597017684778201e-01 2.008255103462183444e-01 2.528520103206032821e-01 3.245937201901077929e-01 3.917268048404806691e-01 4.547674810988559524e-01
2.588555858310626068e-02 7.902170236818140125e-02 1.150823213396239553e-01 1.509977345843755148e-01 1.948830664369320398e-01 2.549929133601760434e-01 3.210461073828381195e-01 3.925331337051378156e-01 4.513020339965421179e-01
5.223301272347594809e-02 7.699835043899323772e-02 1.091066851060088494e-01 1.451249119153972811e-01 2.023727526555928191e-01 2.634867925091460283e-01 3.259490246192386365e-01 3.978825741400284222e-01 4.585751552534790831e-01
