5.418608723445271780e-01 5.347448129224174895e-01 5.127926280922409097e-01 4.673198339128489254e-01 4.117675250024470102e-01 3.793469966205172406e-01 3.109578423802545344e-01 2.088003073148822497e-01 1.322940719325068626e-01 2.837925474040792206e-02 0.000000000000000000e+00
6.196002009213745776e-01 5.513660663284117858e-01 5.020282187721696321e-01 4.675015199593604009e-01 4.115631235580100022e-01 3.690995312329668487e-01 3.080508656360682607e-01 2.076712436590524846e-01 1.352919597842474619e-01 3.301238922243543428e-02 0.000000000000000000e+00
5.565744123480500516e-01 5.502761480722815346e-01 5.189242536543062778e-01 4.596890199593602899e-01 4.216205989950936872e-01 3.667556960645375619e-01 2.951511563337427257e-01 2.125772115060104994e-01 1.287639522517807222e-01 3.373915541569472154e-02 0.000000000000000000e+00
6.005266314390860227e-01 5.589954941213273187e-01 5.251921375621957377e-01 4.762224501919184450e-01 4.153104833726863343e-01 3.669737272429964281e-01 2.922441795895565630e-01 2.131222767191699452e-01 1.374648717745445836e-01 2.685608597642197282e-02 0.000000000000000000e+00
4.919655213692830653e-01 5.276603442575675817e-01 5.040720939595247918e-01 4.699542815872675972e-01 4.204205194836083126e-01 3.665921726806940506e-01 3.037358220314171908e-01 2.123825453584535783e-01 1.352505227931450893e-01 3.373915541569472154e-02 0.000000000000000000e+00
5.818837775000732515e-01 5.478238319959864988e-01 5.072060359134697993e-01 4.432459177781608584e-01 4.171919010322948096e-01 3.729695846506057566e-01 3.006017377290915449e-01 2.144460065225572976e-01 1.334449767006193888e-01 3.018103173709762999e-02 0.000000000000000000e+00
5.764341862194194421e-01 5.312025785899922026e-01 5.106124945590615472e-01 4.731337874012205846e-01 4.096451446004588104e-01 3.696887532131598042e-01 3.076874935430450875e-01 2.079830904236666944e-01 1.328658392747150696e-01 3.155885683591708180e-02 0.000000000000000000e+00
5.982325513420353458e-01 5.431916794074314048e-01 5.042083523053487726e-01 4.649579153081974114e-01 4.173963024767320396e-01 3.544914422762456829e-01 2.966500662174632041e-01 2.099293709707125699e-01 1.393385516818826941e-01 2.986306905164548553e-02 0.000000000000000000e+00
5.378563317115656606e-01 5.459164750477581984e-01 4.976679517058116842e-01 4.686824792616860469e-01 4.107191886251269630e-01 3.696446091791128485e-01 3.140010836593240540e-01 2.103187032658263012e-01 1.299360852377865472e-01 2.861848211074913273e-02 0.000000000000000000e+00
5.573606167371303322e-01 5.426467202793656686e-01 5.181067035793642805e-01 4.525124211221510651e-01 4.278207761430122269e-01 3.704622260983326254e-01 2.953782638918825421e-01 2.143288259054991207e-01 1.348076529968654791e-01 3.175569182249271538e-02 0.000000000000000000e+00
5.990815807913937308e-01 5.538183824047062664e-01 4.795455917112623201e-01 4.670467898711842536e-01 4.189633802174140276e-01 3.681183909299037826e-01 3.054618394732768194e-01 2.123046788994310541e-01 1.332065083487763424e-01 3.313351692131194515e-02 0.000000000000000000e+00
4.044207306658476053e-01 5.322924968461228978e-01 5.284623378619637268e-01 4.672289908895927990e-01 4.075432284840848074e-01 3.699716559468007593e-01 2.925167086593241650e-01 2.121489459813854506e-01 1.350120544413019319e-01 3.052927139546668389e-02 0.000000000000000000e+00
5.760034706761427703e-01 5.467339137398558035e-01 5.067972608759985231e-01 4.622326246105239456e-01 4.158292247360489413e-01 3.643573531014941413e-01 2.970588598221149401e-01 2.082166898007348221e-01 1.335471774228378372e-01 2.840046413709773621e-02 0.000000000000000000e+00
6.043137349839937666e-01 5.524559845845427031e-01 5.086867359345010886e-01 4.655933014990911167e-01 4.176688377359810134e-01 3.617409789599916325e-01 3.085959237756032425e-01 2.148742720471827905e-01 1.330361738117455950e-01 3.428423006063918699e-02 0.000000000000000000e+00
5.600854123774579030e-01 5.205758755927168968e-01 5.156540533545379557e-01 4.781301536802907703e-01 4.019980603291542498e-01 3.677913441622155388e-01 3.050984673802544234e-01 2.108891166126059535e-01 1.336493781450562857e-01 3.033818311519720368e-02 0.000000000000000000e+00
5.110390908515720643e-01 5.358347311785477407e-01 5.310512464326138105e-01 4.605974501919184450e-01 4.203260565136603399e-01 3.663196337076204956e-01 3.060068976128122453e-01 2.218818724307085044e-01 1.314350291636566803e-01 3.102892562923353914e-02 0.000000000000000000e+00
6.087010183600669588e-01 5.415568020232349733e-01 5.005293769681091742e-01 4.710443978663372278e-01 4.172863640022424492e-01 3.691540390275815375e-01 3.081871301709519506e-01 2.063868280136997857e-01 1.255755210897997465e-01 2.641092963366398205e-02 0.000000000000000000e+00
6.277745878423557357e-01 5.203033960286842508e-01 5.092499111008248480e-01 4.669559468479284603e-01 4.096553767432662974e-01 3.617954867546060993e-01 2.936068249383940176e-01 2.174824174959217316e-01 1.314350291636566803e-01 2.847010051456533297e-02 0.000000000000000000e+00
5.055894995709179218e-01 5.720745131948969942e-01 5.052984190719378432e-01 4.585080606570347550e-01 4.040002701138459273e-01 3.621225335222941211e-01 3.058252115663005477e-01 2.069318932268592315e-01 1.387253473485717814e-01 3.158006623260734003e-02 0.000000000000000000e+00
5.787282663164701191e-01 5.483687911240525681e-01 4.988942768182251797e-01 4.605060921967658039e-01 4.134027365579421853e-01 3.510029434209094856e-01 2.869752842407195526e-01 2.139009413093977408e-01 1.296976168859430567e-01 3.025673407299422912e-02 0.000000000000000000e+00
6.141506096407207682e-01 5.344723333583842884e-01 5.112937862881801188e-01 4.702268106570345330e-01 4.139478070764402440e-01 3.653930011991717852e-01 3.120933801709518396e-01 2.063010518213183042e-01 1.378396077560122279e-01 2.906060052248971015e-02 0.000000000000000000e+00
5.055894995709181439e-01 5.410118428951691261e-01 5.129288864380642243e-01 4.852159094942439799e-01 4.135126750324316647e-01 3.698626403575713817e-01 2.985577697058359736e-01 2.079441571941551548e-01 1.331383745339640434e-01 3.015074981237853002e-02 0.000000000000000000e+00
6.059762227197398321e-01 5.532734232766407523e-01 4.998480852389906026e-01 4.719528280988950497e-01 4.151742157430614033e-01 3.588520658454161238e-01 3.065973772639750128e-01 2.075548248990415345e-01 1.355571249598006567e-01 2.865179206287993274e-02 0.000000000000000000e+00
6.059762227197400541e-01 5.423742407153329115e-01 5.145639865879484409e-01 4.615058804244767110e-01 4.225063385876537958e-01 3.684999454922056050e-01 2.989665633104868214e-01 2.100076183582590961e-01 1.325592371080596132e-01 2.824866703500816811e-02 0.000000000000000000e+00
5.982325513420354568e-01 5.562706984810004140e-01 5.001206019306381201e-01 4.765708097057370640e-01 4.041783424031472616e-01 3.540008721247145940e-01 3.088230313337426147e-01 2.142509594464765965e-01 1.400198898300054617e-01 3.046870754602826192e-02 0.000000000000000000e+00
6.169547906113517222e-01 5.230281916690114885e-01 5.102037195215906040e-01 4.744055897268022459e-01 4.148335466690000195e-01 3.683364221083617607e-01 3.011922173802546454e-01 2.139009413093979628e-01 1.385283159878313297e-01 3.107434604041070525e-02 0.000000000000000000e+00
5.328374559741879679e-01 5.233006712330439125e-01 5.014831853888748192e-01 4.694995514990916718e-01 4.282295790318855766e-01 3.705712416875617810e-01 3.050530458686265267e-01 2.183389485451723844e-01 1.324911032932472033e-01 3.233104839215628079e-02 0.000000000000000000e+00
5.301126603338610632e-01 5.649900445300468643e-01 5.010744103514040981e-01 4.639581270804865043e-01 4.169193657730458358e-01 3.590700970238745460e-01 3.036449790081616196e-01 2.117985469157830369e-01 1.379418084782305653e-01 3.000540614721192156e-02 0.000000000000000000e+00
5.764341862194195532e-01 5.475513524319540748e-01 5.306424713951428673e-01 4.672289908895930211e-01 4.287065157355722245e-01 3.668647116537673836e-01 2.943789906360685937e-01 2.057249631120063871e-01 1.283349405896977435e-01 2.987821248990651934e-02 0.000000000000000000e+00
5.978018357987591180e-01 5.317475377180576057e-01 4.984855017807540145e-01 4.620509385640109157e-01 4.167830981434213489e-01 3.609233620407724108e-01 2.961050080779287774e-01 2.110973678560540967e-01 1.375330055893568826e-01 2.931799440670090906e-02 0.000000000000000000e+00
5.592992079883769563e-01 5.303851398978942644e-01 5.193330286917772209e-01 4.560547840572308220e-01 4.237327472542748441e-01 3.733511392129076900e-01 3.004200516825800693e-01 2.126940111945448963e-01 1.293910147192880444e-01 3.448106504721504262e-02 0.000000000000000000e+00
5.962744293687405328e-01 5.347448129224174895e-01 5.125201114005932812e-01 4.624137956851379072e-01 4.125851307801943757e-01 3.584705112831135243e-01 2.983760836593240540e-01 2.045958994561759559e-01 1.301947623628390005e-01 2.725882352579978019e-02 0.000000000000000000e+00
6.168754052810478949e-01 5.396494450750056737e-01 5.065247441843510057e-01 4.853067525174995511e-01 4.264580998467668027e-01 3.765670990951709984e-01 2.915628569151381133e-01 2.122268124404081968e-01 1.377374070337935574e-01 3.363923711350824686e-02 0.000000000000000000e+00
5.137638864918991910e-01 5.530009437126082172e-01 5.062522274927039323e-01 4.667747757733136105e-01 4.090158432548200440e-01 3.684454376975913603e-01 3.039629295895566741e-01 2.182088487415577149e-01 1.331926502145797109e-01 2.940884018085843099e-02 0.000000000000000000e+00
4.701671562466674947e-01 5.500036685082481114e-01 5.185154786168352237e-01 4.761316071686627627e-01 4.122444617061326588e-01 3.719339365529274466e-01 3.031453423802544234e-01 2.132386954791802292e-01 1.411514678581045068e-01 3.355746386737978870e-02 0.000000000000000000e+00
6.137951207949167154e-01 5.475513524319541858e-01 5.200143204208953485e-01 4.642311711221509540e-01 4.266625012912035886e-01 3.686634688760495604e-01 3.056435255197889611e-01 2.092289537680311895e-01 1.330702407191517445e-01 3.204336763142312527e-02 0.000000000000000000e+00
5.826504511671054543e-01 5.211208347207821889e-01 5.206956121500142531e-01 4.562369850756391454e-01 4.171237672174825106e-01 3.758039899705661324e-01 2.954691069151383354e-01 2.228555840970172230e-01 1.349779875338957824e-01 3.322133466805754498e-02 0.000000000000000000e+00
5.764341862194194421e-01 5.538183824047060444e-01 5.157903117003614923e-01 4.802195432151741272e-01 4.116993911876349332e-01 3.713343508121665359e-01 2.833869848221148291e-01 2.199745251131742796e-01 1.343647832005852027e-01 3.003568807193113255e-02 0.000000000000000000e+00
6.141506096407209903e-01 5.456439954837252193e-01 5.076148109509401873e-01 4.707718687965691817e-01 4.025013261879756832e-01 3.685544532868202938e-01 3.052347319151377802e-01 2.113313481616463374e-01 1.324229694784354594e-01 2.518451415844025210e-02 0.000000000000000000e+00
5.787282663164701191e-01 5.341998537943523084e-01 5.036633189220538487e-01 4.719523131269983129e-01 4.109499192246994226e-01 3.641938297176499639e-01 2.949694702872310281e-01 2.146796058996253143e-01 1.351483220709267519e-01 3.092293641681520544e-02 0.000000000000000000e+00
6.256481897619806665e-01 5.268429055654689774e-01 5.253283959080192744e-01 4.633227408895929100e-01 4.169456949281811764e-01 3.750953886405761772e-01 2.971951243569982970e-01 2.127329444240562140e-01 1.358977940338617074e-01 2.961174112586317797e-02 0.000000000000000000e+00
5.764341862194195532e-01 5.317475377180579388e-01 5.279173044786692470e-01 4.593256478663367837e-01 4.164424290693598540e-01 3.688815000545085376e-01 2.990574063337428368e-01 2.159254692439896983e-01 1.357615264042372205e-01 3.254302186519020257e-02 0.000000000000000000e+00
5.352346107564225353e-01 5.519110254564771889e-01 5.149727616254192730e-01 4.598701910339748067e-01 4.090421724099549405e-01 3.728060612667612461e-01 2.936976679616493668e-01 2.079830904236663613e-01 1.311486357702107419e-01 2.871235591231824369e-02 0.000000000000000000e+00
5.869820385677551045e-01 5.587230145572951168e-01 5.087048777175301462e-01 4.518760049874632201e-01 4.215524651802817213e-01 3.596696827646355676e-01 3.073241214500218033e-01 2.149132052766937750e-01 1.307536910155336907e-01 2.910602093366687626e-02 0.000000000000000000e+00
4.347448129224165125e-01 5.303851398978944864e-01 5.035270605762302010e-01 4.648670722849413961e-01 4.135808088472435196e-01 3.638667829499620532e-01 2.951965778453707334e-01 2.070097596858818667e-01 1.354889911449882467e-01 2.768277047186740170e-02 0.000000000000000000e+00
6.031963251943939230e-01 5.453715159196926843e-01 4.965778849392223915e-01 4.853975955407561216e-01 4.213480637358448244e-01 3.730786002398352452e-01 3.006471592407194415e-01 2.106694832599527167e-01 1.336834450524624351e-01 2.659262118197880387e-02 0.000000000000000000e+00
5.922971426330856382e-01 5.265704260014364424e-01 5.315962798159084013e-01 4.830356769361049407e-01 4.182139082544794051e-01 3.627766270576698315e-01 2.944698336593239429e-01 2.097350857516790956e-01 1.388349181544868971e-01 3.510184202805577414e-02 0.000000000000000000e+00
5.709845949387657438e-01 5.589954941213275408e-01 5.104762362132380105e-01 4.627771677781613024e-01 4.196029137058603919e-01 3.714433664013956915e-01 2.993299354035103277e-01 2.146792249711022005e-01 1.318171352288208809e-01 3.096836177979511717e-02 0.000000000000000000e+00
6.036821426226894882e-01 5.726194723229621752e-01 5.076148109509405204e-01 4.801287001919186670e-01 4.025694600027878711e-01 3.586885424615726126e-01 3.005563162174635372e-01 2.093846866860767930e-01 1.348417199042712955e-01 3.088358196406704170e-02 0.000000000000000000e+00
5.519110254564767448e-01 5.265704260014361093e-01 5.044808689969957349e-01 4.833985340572309330e-01 3.963011490400569214e-01 3.722064755260005575e-01 2.963321156360681496e-01 2.183778817746838130e-01 1.330702407191516334e-01 2.983278712692660761e-02 0.000000000000000000e+00
6.087010183600669588e-01 5.273878646935342696e-01 5.130651447838880941e-01 4.602340780988950497e-01 4.191677816618514796e-01 3.801101057451219956e-01 3.021460691244405861e-01 2.124210976594408939e-01 1.332746421635885303e-01 3.237646880333355792e-02 0.000000000000000000e+00
5.488348996031773286e-01 5.581780554292296026e-01 4.879936091523303654e-01 4.788563828944401579e-01 4.082245666322079081e-01 3.649569388422547189e-01 3.001021011011842377e-01 2.091510873090086653e-01 1.340581810339298574e-01 3.673706596288917048e-02 0.000000000000000000e+00
6.087010183600669588e-01 5.355622516145157608e-01 5.145639865879486630e-01 4.685007932151742382e-01 4.159918215208088799e-01 3.781478251389951972e-01 2.989665633104865994e-01 2.151464237252387890e-01 1.387667843396743761e-01 3.174054838423179259e-02 0.000000000000000000e+00
5.378563317115654385e-01 5.121290091077035367e-01 5.147002449337716445e-01 4.689550083314533158e-01 4.121499987361854633e-01 3.631581816199722090e-01 3.042354586593242760e-01 2.055302969644493549e-01 1.338537795894929605e-01 3.475360236968727534e-02 0.000000000000000000e+00
4.865159300886293670e-01 5.663524423502102056e-01 5.129288864380641133e-01 4.676832060058717655e-01 4.033870657805350146e-01 3.672462662160695390e-01 2.957416359849057153e-01 2.057638963415177047e-01 1.364087976449539497e-01 2.979947717479514147e-02 0.000000000000000000e+00
5.580431523506225178e-01 5.309300990259598896e-01 5.104762362132381215e-01 4.846708513547091091e-01 4.008661146324802860e-01 3.723699989098442908e-01 3.034632929616493668e-01 2.093846866860766820e-01 1.352164558857388288e-01 2.948454746855766473e-02 0.000000000000000000e+00
5.121588770027901694e-01 5.009573469823632719e-01 5.059797108010560818e-01 4.445182350756394785e-01 4.121081940765082829e-01 3.697536247683422261e-01 3.020098045895567851e-01 2.144460065225571865e-01 1.340581810339300795e-01 3.080180871793891662e-02 0.000000000000000000e+00
6.017240206493943422e-01 5.058619791349517891e-01 5.088411360633541269e-01 4.595981769361043856e-01 4.190315140322266596e-01 3.736236781859813560e-01 3.048713598221147181e-01 2.221544050372886159e-01 1.324431782516445333e-01 3.470817700670714157e-02 0.000000000000000000e+00
5.575282987538063839e-01 5.527284641485757932e-01 5.047533856886432524e-01 4.843074792616858248e-01 4.098597781877028612e-01 3.655020167884013849e-01 3.031907638918822090e-01 2.066982938497912148e-01 1.434606474780262264e-01 3.379971926513269942e-02 0.000000000000000000e+00
6.114258140003938635e-01 5.178510799523901031e-01 5.190605120001297035e-01 4.751323339128485923e-01 4.060442845582145632e-01 3.712798430175520692e-01 3.031907638918822090e-01 2.093068202270538247e-01 1.358977940338618184e-01 3.080180871793858355e-02 0.000000000000000000e+00
4.347448129224166236e-01 5.472788728679213177e-01 5.280535628244927837e-01 4.714077699593604009e-01 3.978682267807394646e-01 3.616864711653769437e-01 3.044171447058355295e-01 2.144456255940336287e-01 1.290024206036238796e-01 2.888497493260400173e-02 0.000000000000000000e+00
4.701671562466673837e-01 5.382870472548426655e-01 5.189242536543060558e-01 4.592348048430809904e-01 4.208974561872938502e-01 3.495857407609295753e-01 3.105944702872310281e-01 2.105523026428948730e-01 1.375330055893568826e-01 2.785538949215360383e-02 0.000000000000000000e+00
4.935510001363435095e-01 5.423742407153328005e-01 5.003931186222851935e-01 4.614145224293236258e-01 4.084707727363218743e-01 3.742232639267418226e-01 2.998295720314170798e-01 2.077884242761099953e-01 1.290503456452263276e-01 3.013560637411771825e-02 0.000000000000000000e+00
5.788076516467740573e-01 5.625377284537523837e-01 5.171528951585985245e-01 4.761316071686624296e-01 4.146709498842404140e-01 3.665921726806937175e-01 3.006471592407193305e-01 2.139784268398967071e-01 1.361021954782987153e-01 3.237646880333333588e-02 0.000000000000000000e+00
5.780196649864801639e-01 5.500036685082484444e-01 5.324138298908508427e-01 4.575087874012208067e-01 4.029782628916612208e-01 3.732966314182933343e-01 2.944698336593237209e-01 2.133165619382033085e-01 1.384528120893228076e-01 2.989335097636458549e-02 0.000000000000000000e+00
5.764341862194195532e-01 5.352897720504830037e-01 5.062522274927035992e-01 4.645940282432773905e-01 4.129676045139330509e-01 3.669737272429964281e-01 3.028273917988590358e-01 2.026103047510952049e-01 1.346713853672404371e-01 2.909694840563792351e-02 0.000000000000000000e+00
5.709845949387656328e-01 5.347448129224172675e-01 5.103399778674140297e-01 4.754957060058718765e-01 4.161017599952982482e-01 3.800555979505076398e-01 3.000112580779287774e-01 2.108248352494744293e-01 1.413899362099476642e-01 2.977222327748818564e-02 0.000000000000000000e+00
5.791080386075588837e-01 5.718020336308644591e-01 5.066610025301747644e-01 4.724978862384299205e-01 4.076113622988969953e-01 3.627766270576697205e-01 2.956962144732778186e-01 2.106305500304409550e-01 1.387934811633843024e-01 3.373008288766576879e-02 0.000000000000000000e+00
5.873333687807273940e-01 5.598129328134255900e-01 5.226032289915450990e-01 4.659571885640112487e-01 4.101323134469519460e-01 3.685544532868205159e-01 2.960141650546726511e-01 2.204802761682986278e-01 1.304130219414725289e-01 3.251880589889999396e-02 0.000000000000000000e+00
5.546358210968035385e-01 5.347448129224176006e-01 5.183792202710119090e-01 4.766766653081974114e-01 4.161280891504338109e-01 3.702441949198739812e-01 3.054164179616498109e-01 2.107473497189757961e-01 1.324570363858412758e-01 3.128631951344484907e-02 0.000000000000000000e+00
5.950770401584317693e-01 5.410118428951693481e-01 5.232845207206636706e-01 4.739513746105233905e-01 4.165368920393076047e-01 3.591791126131039236e-01 2.934705604035099946e-01 2.077884242761101063e-01 1.399858229225992012e-01 3.065039909434308374e-02 0.000000000000000000e+00
6.009573469823621394e-01 5.483687911240520130e-01 5.202868371125433100e-01 4.687733222849417292e-01 4.101059842918163834e-01 3.641393219230358302e-01 3.120025371476960463e-01 2.133165619382034195e-01 1.376352063115752200e-01 3.127724698541567427e-02 0.000000000000000000e+00
5.756479818303387175e-01 5.527284641485753491e-01 5.040720939595250139e-01 4.599610340572307110e-01 4.199172536247864351e-01 3.639212907445768530e-01 2.975584964500216922e-01 2.068929599973479139e-01 1.297657507007555777e-01 2.713769582692338034e-02 0.000000000000000000e+00
5.329755077319380252e-01 5.262979464374037963e-01 5.057071941094092304e-01 4.372507932151740162e-01 4.212799299210321924e-01 3.637032595661182088e-01 3.103673627290917669e-01 2.120710795223625933e-01 1.386305167100500002e-01 2.883348361119486558e-02 0.000000000000000000e+00
5.589460955041909429e-01 5.391044859469409367e-01 5.300974380118482765e-01 4.746781187965695148e-01 4.161698938101103251e-01 3.632671972092015866e-01 2.967863307523473382e-01 2.066982938497906597e-01 1.288459442007897637e-01 2.940581215344650889e-02 0.000000000000000000e+00
6.028959382336089856e-01 5.339273742303193293e-01 5.115663029798275252e-01 4.775850955407558995e-01 4.053629464100915736e-01 3.744958028998149335e-01 3.016918540081615085e-01 2.086838885548711886e-01 1.291866132748513696e-01 3.369373500451733339e-02 0.000000000000000000e+00
5.596546968341813422e-01 5.456439954837249973e-01 5.145639865879484409e-01 4.672289908895927990e-01 4.122181325509977623e-01 3.684999454922056050e-01 2.959233220314168578e-01 2.097350857516790956e-01 1.332405752561824919e-01 3.052019886743739807e-02 0.000000000000000000e+00
4.374696085627435282e-01 5.510935867643791397e-01 4.993030518556956787e-01 4.554193978663378939e-01 4.135390041875667833e-01 3.603237763000111671e-01 2.940156185430450875e-01 2.164316012276379375e-01 1.318097651451244356e-01 3.258844227636759072e-02 0.000000000000000000e+00
6.325155777930193679e-01 5.519110254564774110e-01 5.148365032795954033e-01 4.502408305688587187e-01 4.227107400320904707e-01 3.583069878992699020e-01 3.021914906360683717e-01 2.097740189811905243e-01 1.282668067748853336e-01 3.116519181456833820e-02 0.000000000000000000e+00
3.747993088352232771e-01 5.606303715055237502e-01 5.227394873373694129e-01 4.654121304244767110e-01 4.218250004395310282e-01 3.608143464515431442e-01 3.080508656360682607e-01 2.079437762656314859e-01 1.317618401035217657e-01 2.995391482580278542e-02 0.000000000000000000e+00
5.892719600319739071e-01 5.546358210968043156e-01 4.976679517058119062e-01 4.688641653081974114e-01 4.212117961062203375e-01 3.556906137577681704e-01 2.952419993569982970e-01 2.120317653643277178e-01 1.351483220709267519e-01 3.518361527418412127e-02 0.000000000000000000e+00
5.382870472548418883e-01 5.301126603338615073e-01 5.089773944091775526e-01 4.589622757733137215e-01 4.094509752988289564e-01 3.594516515861772565e-01 2.891555167988588138e-01 2.102022845058157952e-01 1.403946258114732171e-01 2.937855825613933103e-02 0.000000000000000000e+00
5.791589818597464578e-01 5.510935867643791397e-01 5.230120040290164862e-01 4.625051536802905483e-01 4.071080964400758950e-01 3.737872015698247563e-01 3.034178714500219143e-01 2.147181582006131850e-01 1.273129333675130370e-01 2.960226186186298847e-02 0.000000000000000000e+00
6.195450990363555732e-01 5.412843224592022162e-01 5.201505787667194403e-01 4.704084967035465636e-01 4.293878538836948811e-01 3.645208764853379857e-01 3.023731766825799583e-01 2.100854848172815093e-01 1.323548356636228274e-01 3.152857491119787081e-02 0.000000000000000000e+00
4.565431780450326382e-01 5.429191998433980926e-01 5.269634960579037131e-01 4.471526827500583723e-01 4.178051053656052782e-01 3.662651259130058068e-01 3.038720865663009918e-01 2.138933271678374881e-01 1.367494667190155555e-01 3.376036481238475773e-02 0.000000000000000000e+00
6.015889393436668620e-01 5.388320063829077355e-01 5.125201114005931702e-01 4.762219352200219302e-01 4.091784400395798715e-01 3.690995312329667377e-01 2.941973045895567851e-01 2.016369740133102662e-01 1.362043962005171638e-01 2.850038243928432191e-02 0.000000000000000000e+00
6.059762227197398321e-01 5.312025785899920916e-01 5.187879953084822970e-01 4.691366943779649024e-01 4.167830981434212378e-01 3.655020167884011628e-01 3.088684528453702893e-01 2.165090867581370149e-01 1.285323340482764642e-01 3.088358196406693068e-02 0.000000000000000000e+00
5.846085731404003782e-01 5.431916794074309607e-01 5.055709357635852497e-01 4.568728862384296985e-01 4.148335466690002415e-01 3.638122751553476975e-01 3.111395284267660100e-01 2.127718776535676426e-01 1.316734975154999487e-01 3.043842562130893992e-02 0.000000000000000000e+00
6.359489747633366719e-01 5.649900445300467533e-01 4.997118268931671770e-01 4.535116943779652354e-01 4.318406712169377548e-01 3.741687561321273559e-01 2.931526098221148291e-01 2.025324382920725697e-01 1.330361738117457060e-01 2.812792681462561450e-02 0.000000000000000000e+00
4.783415431676483198e-01 5.502761480722810905e-01 4.877210924606830700e-01 4.751323339128487033e-01 4.147390836990519358e-01 3.623405647007525432e-01 3.049622028453704004e-01 2.151853569547501066e-01 1.368857343486400424e-01 2.977222327748807462e-02 0.000000000000000000e+00
5.433059229922192479e-01 5.292952216417633471e-01 5.196055453834246274e-01 4.667742608014172068e-01 4.150379481134369164e-01 3.643028453068791195e-01 3.032816069151383354e-01 2.139398745389090584e-01 1.350120544413021539e-01 2.910602093366698728e-02 0.000000000000000000e+00
5.137638864918990800e-01 5.222107529769131062e-01 5.063884858385279131e-01 4.907573339128484813e-01 4.244822192172099107e-01 3.673007740106843388e-01 3.064611127290914339e-01 2.091510873090084432e-01 1.363747307375480222e-01 3.221598665170888331e-02 0.000000000000000000e+00
4.534907415466130076e-01 5.549083006608371837e-01 5.155177950087141969e-01 4.688636503363004526e-01 4.042046715582826022e-01 3.707892728660205361e-01 3.018281185430449765e-01 2.150296240367045031e-01 1.297178256591529077e-01 3.084723408091860630e-02 0.000000000000000000e+00
5.954568124495210890e-01 5.292952216417635691e-01 4.907187760688038747e-01 4.787660548430809904e-01 4.118093296621243016e-01 3.683909299029766715e-01 3.091409819151383354e-01 2.119153466043168788e-01 1.367909037101180392e-01 3.254580161791909010e-02 0.000000000000000000e+00
6.345039241156446019e-01 5.655350036581119344e-01 4.927626512561593675e-01 4.634130689409518555e-01 4.201897888840355200e-01 3.701896871252592924e-01 3.004654731942076329e-01 2.122653647413956235e-01 1.346713853672406591e-01 3.185260355507935071e-02 0.000000000000000000e+00
5.192134777725526673e-01 5.423742407153325784e-01 5.023007354638170385e-01 4.635952699593600679e-01 4.229832752913399996e-01 3.577074021585088803e-01 2.998295720314175239e-01 2.147570914301249467e-01 1.310602931821891470e-01 3.263386763934783552e-02 0.000000000000000000e+00
5.770657785807238316e-01 5.159437230041609146e-01 5.118388196714744875e-01 4.684099501919186670e-01 4.250954235505203793e-01 3.638667829499622752e-01 2.878382929616496999e-01 2.096572192926564604e-01 1.373626710523260241e-01 2.946940403029663091e-02 0.000000000000000000e+00
6.250497922020288311e-01 4.985050309060683471e-01 5.043446106511721982e-01 4.748598048430812124e-01 4.164424290693596320e-01 3.725880300883030460e-01 3.099585691244401420e-01 2.174824174959218426e-01 1.315712967932815003e-01 2.956024980445404182e-02 0.000000000000000000e+00
4.728919518869943994e-01 5.611753306335890423e-01 4.956240765184567465e-01 4.830356769361041636e-01 4.057717492989654784e-01 3.658290635560888515e-01 3.077783365663008808e-01 2.236338677587211277e-01 1.326955047376844332e-01 2.952089535170610013e-02 0.000000000000000000e+00
6.134420083107305910e-01 5.200309164646520488e-01 4.979404683974593127e-01 4.776759385640114708e-01 4.210337238169186702e-01 3.654475089937864740e-01 3.066882202872310281e-01 2.177553310310250678e-01 1.346713853672406591e-01 2.701656812804686947e-02 0.000000000000000000e+00
