0.0072204 0.0107395 0.0103306 0.0115569 0.0112844 0.0112299 0.0107393 0.010895 0.0102624 0.00946746 0
0.0115569 0.0107395 0.0107394 0.0112844 0.0112162 0.0112844 0.0106031 0.0106225 0.0093085 0.00983084 0
0.0115569 0.0107395 0.0111481 0.0112844 0.0107393 0.0112299 0.0114206 0.0107393 0.0109778 0.00983084 0
0.0115569 0.00992203 0.0111481 0.0115569 0.0109437 0.0110663 0.0105122 0.0111286 0.0101261 0.0100428 0
0.0115569 0.0115569 0.0115569 0.010921 0.0112162 0.0110663 0.0111481 0.0103889 0.00995577 0.00907379 0
0.0115569 0.0115569 0.0115569 0.0110119 0.0115569 0.0109028 0.0108756 0.0108172 0.0108415 0.00928577 0
0.0115569 0.0115569 0.0115569 0.0111027 0.0109437 0.0107938 0.0110119 0.0110897 0.0105349 0.00967943 0
0.0115569 0.0115569 0.0111481 0.0112844 0.0115569 0.0110663 0.010921 0.0107393 0.0109437 0.00937661 0
0.0115569 0.0115569 0.0115569 0.0112844 0.0113525 0.0112299 0.0110119 0.0111286 0.0104327 0.0105576 0
0.0115569 0.0115569 0.0106031 0.0115569 0.0113525 0.0112299 0.0106485 0.0110897 0.0105349 0.00943718 0
0.0115569 0.0115569 0.0107394 0.0115569 0.0115569 0.0109028 0.0106031 0.0106225 0.0103305 0.00964915 0
0.0115569 0.0112844 0.0108756 0.0115569 0.0115569 0.0109028 0.0108756 0.0110118 0.0109778 0.0103153 0
0.0115569 0.0107395 0.0111481 0.0111935 0.0107393 0.0110663 0.0108756 0.0108561 0.0095129 0.00995197 0
0.0115569 0.0115569 0.0111481 0.0111027 0.0111481 0.0113934 0.0112844 0.0109729 0.0108415 0.0101942 0
0.0115569 0.0107395 0.0115569 0.0111027 0.0115569 0.0115569 0.0115569 0.0110897 0.0106371 0.00970971 0
0.0115569 0.0107395 0.0115569 0.0112844 0.0114206 0.0110663 0.0112844 0.0109729 0.0109778 0.00992169 0
0.0115569 0.0115569 0.0115569 0.0107393 0.0111481 0.0112299 0.0107393 0.010895 0.0107393 0.00998225 0
0.0115569 0.0115569 0.0115569 0.0115569 0.0115569 0.0110663 0.010921 0.00984385 0.010569 0.0102245 0
0.0115569 0.0115569 0.0108756 0.0110119 0.0114206 0.0109028 0.0106031 0.0108561 0.0108756 0.0100428 0
0.0115569 0.0115569 0.0115569 0.0110119 0.0115569 0.0107938 0.0108756 0.0108561 0.0105349 0.0103759 0
0.0115569 0.011012 0.0112844 0.0115569 0.0112162 0.0112299 0.0112844 0.0109729 0.0099217 0.00974 0
0.0115569 0.0115569 0.0111481 0.0112844 0.0114206 0.0107938 0.0115569 0.0109729 0.0106712 0.00958859 0
0.0115569 0.0115569 0.0112844 0.0112844 0.0109437 0.0110663 0.0111481 0.0110118 0.0109437 0.00952802 0
0.0115569 0.0115569 0.0115569 0.0115569 0.0109437 0.0113934 0.010376 0.0109729 0.0104668 0.00983079 0
0.0115569 0.0115569 0.0111481 0.0115569 0.0109437 0.0110663 0.0113298 0.0109729 0.0106371 0.00986112 0
0.0115569 0.011012 0.0111481 0.0104668 0.0113525 0.0110663 0.0107393 0.0107782 0.0107393 0.00904351 0
0.00338253 0.0115569 0.0115569 0.0110119 0.0113525 0.0106848 0.0108756 0.0105057 0.0103305 0.0107696 0
0.0115569 0.0115569 0.0115569 0.0110119 0.0108074 0.0112299 0.0115569 0.0108561 0.0103305 0.00992169 0
0.0115569 0.0107395 0.0111481 0.0115569 0.0111481 0.0109028 0.010921 0.0108561 0.0102283 0.0104062 0
0.0115569 0.0115569 0.0115569 0.0113752 0.0112162 0.0110118 0.010921 0.0113233 0.0103305 0.00931605 0
0.0115569 0.0115569 0.0115569 0.0115569 0.0115569 0.0105758 0.0107393 0.0106614 0.0109096 0.00964915 0
0.0115569 0.0115569 0.0115569 0.0115569 0.0111481 0.0110663 0.0110119 0.0110118 0.00985357 0.00964915 0
0.0115569 0.0115569 0.0107394 0.0113752 0.0111481 0.0115569 0.0112844 0.0107782 0.0104668 0.00983084 0
0.0115569 0.0115569 0.0107394 0.0115569 0.0113525 0.0112299 0.0108756 0.0105057 0.0104327 0.00901323 0
0.0115569 0.0115569 0.0115569 0.0112844 0.0113525 0.0106303 0.0110573 0.0110118 0.0106371 0.0092252 0
0.0115569 0.0107395 0.0115569 0.0113752 0.0113525 0.0115569 0.0112844 0.0107393 0.0102964 0.00992169 0
0.0115569 0.0115569 0.0112844 0.0112844 0.0113525 0.0105758 0.0110573 0.0105057 0.0104327 0.00980056 0
0.0115569 0.0115569 0.0107394 0.0107393 0.0109437 0.0112299 0.0110119 0.0113233 0.0107052 0.00974 0
0.0115569 0.0115569 0.0115569 0.0110119 0.0115569 0.0107393 0.0110119 0.0110897 0.0104327 0.0094069 0
0.0115569 0.0115569 0.0115569 0.0112844 0.0113525 0.0110663 0.0106031 0.010311 0.0112503 0.00946746 0
0.0115569 0.00992203 0.0112844 0.0112844 0.0108074 0.0112844 0.0115569 0.0110897 0.0104668 0.00986112 0
0.0115569 0.0115569 0.0115569 0.0113752 0.0113525 0.0110663 0.0108756 0.0105057 0.0104327 0.00955831 0
0.0115569 0.0115569 0.0111481 0.0107393 0.0107393 0.0107393 0.0104668 0.0103889 0.0105349 0.00937661 0
0.0115569 0.0115569 0.0112844 0.0112844 0.0109437 0.0113934 0.0107393 0.010895 0.0106371 0.0103456 0
0.0115569 0.0115569 0.0107394 0.0113752 0.0111481 0.0104668 0.0114206 0.0108561 0.0109437 0.0094069 0
0.0115569 0.011012 0.0115569 0.0115569 0.0108074 0.0112299 0.0110573 0.0108172 0.0103646 0.0104668 0
0.0115569 0.0115569 0.0107394 0.0110119 0.0113525 0.0110663 0.0108756 0.0108561 0.0111822 0.0101942 0
0.0115569 0.0107395 0.0115569 0.0112844 0.0108074 0.0109573 0.0110119 0.0109729 0.0102964 0.00974 0
0.0115569 0.0115569 0.0111481 0.0112844 0.0115569 0.0110663 0.0106485 0.0105057 0.0108415 0.00992169 0
0.0115569 0.0107395 0.0115569 0.0115569 0.0111481 0.0106303 0.0110119 0.0110118 0.0104327 0.00970971 0
0.0115569 0.0115569 0.0103306 0.0112844 0.0113525 0.0115569 0.0107847 0.010934 0.0107734 0.00974 0
0.0115569 0.0115569 0.0111481 0.0112844 0.0113525 0.0105758 0.0107847 0.0112065 0.0109778 0.0104365 0
0.0115569 0.0115569 0.0112844 0.0112844 0.0109437 0.0109028 0.0107393 0.0106614 0.0107393 0.00910408 0
0.0115569 0.00992203 0.0115569 0.0115569 0.0108074 0.0112299 0.010921 0.0101942 0.0103646 0.00995197 0
0.0115569 0.0107395 0.0115569 0.0115569 0.0113525 0.0112299 0.0110119 0.0110897 0.0104327 0.00949774 0
0.0115569 0.011012 0.0107394 0.0112844 0.0111481 0.0115569 0.0108756 0.0106225 0.0104327 0.00943718 0
0.0115569 0.0115569 0.0115569 0.0111027 0.0113525 0.0113934 0.0111935 0.0110118 0.0103305 0.0101942 0
0.00615738 0.0115569 0.0111481 0.0112844 0.0108756 0.0104668 0.0106031 0.0109729 0.0109437 0.0100125 0
0.0115569 0.00992203 0.0115569 0.0112844 0.0107393 0.0109573 0.0110119 0.0105057 0.0112503 0.0101639 0
0.0115569 0.0115569 0.0115569 0.0112844 0.0111481 0.0110663 0.0107393 0.0108561 0.0106712 0.00952802 0
0.0115569 0.0107395 0.0111481 0.0110119 0.0115569 0.0113934 0.0111481 0.0110897 0.0104327 0.00955831 0
0.0115569 0.0115569 0.0115569 0.0111027 0.0113525 0.0115569 0.0106485 0.0106225 0.0106712 0.00928577 0
0.0115569 0.0115569 0.0111481 0.0112844 0.0111481 0.0107938 0.0108756 0.0107004 0.0104327 0.0100125 0
0.0115569 0.0115569 0.0115569 0.0112844 0.010603 0.0107393 0.0111481 0.0106225 0.010058 0.0101337 0
0.0115569 0.0115569 0.0115569 0.0110119 0.0115569 0.0113934 0.0112844 0.0106614 0.010058 0.0104365 0
0.0115569 0.0107395 0.0111481 0.0115569 0.0109437 0.0105758 0.0111481 0.0107393 0.0107734 0.0104668 0
0.0115569 0.0115569 0.0112844 0.0115569 0.0111481 0.0115569 0.0107393 0.0106225 0.0104327 0.0101034 0
0.0115569 0.0115569 0.0115569 0.0115569 0.0115569 0.0109028 0.0110119 0.0113233 0.0104327 0.00983084 0
0.0115569 0.0107395 0.0115569 0.0112844 0.0107393 0.0112299 0.0114206 0.0100385 0.0103305 0.00998225 0
0.0115569 0.011012 0.0111481 0.0107393 0.0109437 0.0112299 0.0111481 0.0108172 0.0103305 0.0100428 0
0.0115569 0.0115569 0.0111481 0.0110119 0.0114206 0.0110663 0.0108756 0.0112065 0.0107393 0.0101337 0
0.0115569 0.0115569 0.0115569 0.0115569 0.0115569 0.0110663 0.010921 0.0111286 0.0111822 0.0104668 0
0.0115569 0.0115569 0.0111481 0.0112844 0.0115569 0.0111208 0.0111481 0.0106225 0.0108415 0.00943718 0
0.0115569 0.0107395 0.0115569 0.0110119 0.0109437 0.0113934 0.0111481 0.0108561 0.010569 0.00952802 0
0.0115569 0.0107395 0.0111481 0.0106485 0.0113525 0.0112299 0.0111481 0.0108561 0.0105349 0.00958859 0
0.0115569 0.0115569 0.0115569 0.0112844 0.0111481 0.0112299 0.0110119 0.0106225 0.0099217 0.00980056 0
0.0115569 0.0107395 0.0115569 0.0115569 0.0107393 0.0112299 0.0111481 0.0106225 0.0103646 0.0102245 0
0.0115569 0.0115569 0.0115569 0.0110119 0.0107393 0.0112299 0.0105122 0.0107393 0.01108 0.0101337 0
0.0115569 0.0115569 0.0115569 0.0115569 0.0113525 0.0111208 0.0112844 0.010934 0.0107393 0.00983084 0
0.0115569 0.0115569 0.0111481 0.0112844 0.0113525 0.0113934 0.0107393 0.0112065 0.0110459 0.0102245 0
0.0115569 0.0115569 0.0107394 0.0112844 0.0115569 0.0112299 0.0110119 0.0110897 0.010569 0.00931605 0
0.0115569 0.0115569 0.0107394 0.0115569 0.0113525 0.0109573 0.0103305 0.0108561 0.0104327 0.00952802 0
0.0115569 0.0115569 0.0115569 0.0113752 0.0113525 0.0109028 0.0113298 0.010895 0.0107734 0.0102245 0
0.0115569 0.0115569 0.0115569 0.0110119 0.0111481 0.0111208 0.0110119 0.0109729 0.0103305 0.00995197 0
0.0115569 0.0107395 0.0107394 0.0110119 0.0110118 0.0104122 0.0111481 0.0106225 0.0109778 0.0101337 0
0.0115569 0.0107395 0.0115569 0.0115569 0.0103305 0.0109028 0.0108756 0.0112065 0.0103305 0.00970971 0
0.0115569 0.0115569 0.0111481 0.0104668 0.0111481 0.0112299 0.0111481 0.010895 0.0108415 0.00964915 0
0.0115569 0.0115569 0.0111481 0.0112844 0.0111481 0.0115569 0.0110573 0.0113233 0.0102283 0.00931605 0
0.0115569 0.0107395 0.0115569 0.0107393 0.0115569 0.0115569 0.0106031 0.0107393 0.0107393 0.00974 0
0.0072204 0.0115569 0.0115569 0.0115569 0.010603 0.0111754 0.0111481 0.0112065 0.0102283 0.00980056 0
0.0115569 0.0107395 0.0111481 0.0115569 0.0105349 0.0109028 0.0110119 0.0101164 0.0106371 0.00986112 0
0.0115569 0.0115569 0.0115569 0.0115569 0.0111481 0.0113934 0.0108756 0.0112065 0.0102283 0.0101942 0
0.0115569 0.0115569 0.0107394 0.0112844 0.0113525 0.0111208 0.0114206 0.0106225 0.0110459 0.0104062 0
0.0115569 0.0115569 0.0115569 0.0112844 0.0115569 0.0113934 0.0115569 0.0108561 0.0104668 0.00964915 0
0.0115569 0.0115569 0.0112844 0.0112844 0.0113525 0.0115569 0.0107847 0.0108172 0.010058 0.00986112 0
0.0115569 0.0115569 0.0111481 0.0112844 0.0115569 0.0112299 0.0111935 0.0106225 0.0104327 0.0102245 0
0.0115569 0.0115569 0.0107394 0.0110119 0.0110118 0.0112299 0.0107393 0.0111286 0.0103646 0.00958859 0
0.0115569 0.0115569 0.0115569 0.0112844 0.0115569 0.0105758 0.0107393 0.0106225 0.0105008 0.00964915 0
0.0115569 0.011012 0.0103306 0.0112844 0.0108074 0.0109028 0.0111935 0.0114401 0.0104327 0.0100428 0
0.0115569 0.0107395 0.0115569 0.0115569 0.0110118 0.0111208 0.0107847 0.0107782 0.0109437 0.0101639 0
