0.967899 0.940372 0.93192 0.916565 0.897441 0.880348 0.857667 0.821529 0.769508 0.675478 0
0.95155 0.943096 0.933282 0.918382 0.896011 0.880403 0.857848 0.815183 0.770802 0.674327 0
0.954275 0.939827 0.931511 0.918836 0.901666 0.879476 0.858393 0.818259 0.768758 0.67145 0
0.954275 0.943369 0.93192 0.920653 0.898463 0.88231 0.858348 0.82075 0.770462 0.687137 0
0.943375 0.937647 0.932601 0.916747 0.898736 0.87904 0.853669 0.819271 0.771688 0.678355 0
0.954275 0.939827 0.932465 0.916656 0.898327 0.878277 0.859075 0.819699 0.769133 0.676508 0
0.95155 0.936557 0.933146 0.918655 0.896011 0.879094 0.857712 0.821256 0.770291 0.679203 0
0.95155 0.935467 0.93301 0.920835 0.896079 0.879803 0.857121 0.821023 0.771927 0.675508 0
0.956999 0.942552 0.932328 0.917928 0.896828 0.881711 0.855623 0.819115 0.769542 0.677901 0
0.956999 0.940099 0.929739 0.918927 0.899622 0.881765 0.858893 0.81966 0.768111 0.683563 0
0.95155 0.940372 0.931783 0.914022 0.897373 0.881874 0.856622 0.821295 0.769917 0.678415 0
0.95155 0.941462 0.933418 0.916747 0.894852 0.882801 0.857712 0.819037 0.766476 0.675078 0
0.948274 0.945276 0.932192 0.919563 0.898395 0.881057 0.855168 0.818336 0.772029 0.676023 0
0.954275 0.940099 0.931783 0.915475 0.900439 0.881983 0.856077 0.819933 0.770666 0.684017 0
0.948825 0.938464 0.933963 0.92029 0.898055 0.879421 0.854351 0.82441 0.770564 0.670815 0
0.943375 0.939282 0.93519 0.920744 0.890696 0.879803 0.856713 0.819777 0.769099 0.673661 0
0.95155 0.940644 0.931102 0.919109 0.893285 0.880893 0.854396 0.819349 0.770632 0.677416 0
0.948825 0.942552 0.932465 0.917746 0.897441 0.879585 0.85753 0.822113 0.773766 0.679475 0
0.9461 0.937647 0.935326 0.917746 0.897782 0.884382 0.856622 0.818375 0.7676 0.677022 0
0.954275 0.936557 0.932873 0.91711 0.897373 0.88073 0.857485 0.820867 0.768452 0.674781 0
0.959724 0.940099 0.933691 0.917928 0.896624 0.879858 0.856894 0.821529 0.768145 0.677265 0
0.948825 0.936284 0.93192 0.918927 0.898872 0.87844 0.857076 0.822191 0.771109 0.674055 0
0.948825 0.941189 0.929194 0.92029 0.900644 0.878168 0.854987 0.820322 0.76634 0.674024 0
0.942824 0.941462 0.93519 0.917292 0.896079 0.880893 0.858348 0.821334 0.768247 0.676805 0
0.943375 0.940917 0.932328 0.913204 0.896692 0.881983 0.85971 0.821802 0.766135 0.677204 0
0.962449 0.940099 0.933691 0.917565 0.89458 0.88013 0.857394 0.819076 0.770496 0.680717 0
0.954275 0.942279 0.932056 0.922924 0.89785 0.878876 0.856531 0.823086 0.775912 0.674327 0
0.959724 0.939554 0.935462 0.916384 0.895261 0.881329 0.857076 0.820205 0.773051 0.672662 0
0.956999 0.938192 0.93192 0.917656 0.89458 0.878604 0.858439 0.819855 0.771143 0.675357 0
0.945549 0.939009 0.930012 0.913568 0.894548 0.881602 0.859075 0.820945 0.769133 0.673086 0
0.956448 0.938464 0.932465 0.91811 0.898872 0.88122 0.854396 0.819894 0.769368 0.67566 0
0.9461 0.941462 0.931511 0.917292 0.899008 0.881547 0.857894 0.818609 0.76869 0.673964 0
0.948274 0.938192 0.934645 0.918564 0.898872 0.877405 0.855986 0.819466 0.771824 0.677567 0
0.942824 0.937647 0.936961 0.918201 0.896319 0.879476 0.856667 0.822347 0.769951 0.680626 0
0.956999 0.939009 0.932873 0.915112 0.899485 0.882092 0.855986 0.819193 0.770632 0.671693 0
0.95155 0.942552 0.932056 0.919382 0.897509 0.878658 0.857939 0.820863 0.766612 0.677961 0
0.954275 0.941189 0.932328 0.917928 0.899622 0.88073 0.857167 0.821646 0.769678 0.680232 0
0.948274 0.941189 0.93192 0.919291 0.896896 0.881166 0.856531 0.822347 0.770121 0.676841 0
0.967899 0.938737 0.936144 0.918019 0.898463 0.88013 0.855214 0.820634 0.769746 0.678203 0
0.948825 0.937919 0.932465 0.914749 0.896896 0.882583 0.857439 0.819076 0.769133 0.674448 0
0.954275 0.938464 0.932192 0.917837 0.896351 0.879203 0.857212 0.817791 0.771961 0.677083 0
0.95155 0.942552 0.932328 0.916475 0.899485 0.881384 0.855259 0.818375 0.771893 0.679324 0
0.948825 0.939009 0.930148 0.91593 0.899553 0.880239 0.853306 0.820828 0.768077 0.678718 0
0.954275 0.941189 0.933146 0.914567 0.898804 0.880675 0.853397 0.8153 0.76651 0.681595 0
0.948825 0.940644 0.937097 0.914203 0.895261 0.88182 0.85753 0.821218 0.768486 0.675993 0
0.942824 0.940372 0.928241 0.91711 0.898736 0.879585 0.857667 0.8204 0.768281 0.67781 0
0.95155 0.939282 0.930285 0.916202 0.899145 0.883019 0.858711 0.819154 0.770155 0.676235 0
0.95155 0.944186 0.931375 0.917746 0.899758 0.878658 0.856713 0.820634 0.771348 0.680929 0
0.948825 0.939554 0.931375 0.919836 0.898531 0.880021 0.860346 0.816156 0.765522 0.675872 0
0.95155 0.945276 0.935326 0.919654 0.898123 0.880403 0.856804 0.82149 0.769644 0.678113 0
0.959724 0.940099 0.93192 0.918473 0.899213 0.88291 0.857167 0.817752 0.770632 0.6703 0
0.959724 0.941189 0.932056 0.91811 0.898327 0.879694 0.858439 0.818609 0.769338 0.680626 0
0.953723 0.940644 0.929194 0.919018 0.895874 0.878004 0.856031 0.818648 0.76835 0.672662 0
0.95155 0.939554 0.930557 0.919382 0.897033 0.878549 0.85594 0.824328 0.771552 0.67672 0
0.95155 0.943369 0.936552 0.919109 0.896933 0.882692 0.854487 0.819427 0.770394 0.670239 0
0.9461 0.941462 0.932737 0.919836 0.900575 0.878113 0.852943 0.821724 0.772063 0.679627 0
0.945549 0.938737 0.935054 0.916293 0.897918 0.878713 0.857712 0.820205 0.768247 0.679172 0
0.948825 0.939827 0.932873 0.915748 0.896896 0.883564 0.860437 0.816312 0.770087 0.680081 0
0.948825 0.939282 0.934781 0.91702 0.897646 0.881111 0.853942 0.820011 0.7738 0.680747 0
0.956999 0.943369 0.933418 0.917928 0.894784 0.881166 0.85694 0.823865 0.770837 0.676508 0
0.950998 0.939827 0.933555 0.915566 0.898055 0.882147 0.856576 0.821373 0.771245 0.681262 0
0.962449 0.940917 0.935054 0.919563 0.897305 0.88182 0.854714 0.820984 0.766714 0.677598 0
0.95155 0.939827 0.93519 0.919109 0.89785 0.879803 0.861164 0.818843 0.772915 0.674297 0
0.95155 0.936284 0.933555 0.91711 0.897169 0.879639 0.85971 0.818298 0.768861 0.674721 0
0.948825 0.943641 0.935871 0.916293 0.895465 0.882583 0.855123 0.821412 0.769883 0.682594 0
0.956999 0.940099 0.9341 0.918382 0.897782 0.879749 0.858257 0.816078 0.769235 0.679808 0
0.948274 0.940372 0.931375 0.91811 0.899349 0.883564 0.857667 0.819855 0.768758 0.679142 0
0.954275 0.941462 0.934781 0.920563 0.901257 0.879149 0.855486 0.82075 0.769269 0.678264 0
0.956999 0.941189 0.931511 0.91811 0.898055 0.879967 0.860301 0.82223 0.770939 0.677901 0
0.9461 0.93574 0.930557 0.915748 0.894784 0.879585 0.856213 0.824795 0.768793 0.67784 0
0.948825 0.939554 0.930012 0.917746 0.895465 0.879312 0.858393 0.820711 0.769338 0.67251 0
0.9461 0.942824 0.938869 0.916838 0.898123 0.879749 0.857258 0.816117 0.767736 0.681322 0
0.948274 0.940372 0.936416 0.919654 0.895161 0.881002 0.855032 0.817752 0.771756 0.677779 0
0.954275 0.941462 0.934917 0.915021 0.89567 0.88231 0.857212 0.821451 0.768316 0.670815 0
0.945549 0.938464 0.934781 0.918019 0.896896 0.878822 0.857803 0.821685 0.769644 0.677598 0
0.948825 0.942279 0.932328 0.918473 0.89676 0.88013 0.85535 0.822619 0.768656 0.679445 0
0.95155 0.941462 0.935735 0.91702 0.898327 0.881275 0.856258 0.82184 0.768452 0.676568 0
0.954275 0.945821 0.934509 0.917474 0.897033 0.879367 0.857212 0.821568 0.767566 0.673237 0
0.95155 0.938737 0.935735 0.918019 0.897646 0.88291 0.856576 0.819037 0.766646 0.676992 0
0.956999 0.942007 0.934781 0.917201 0.899349 0.879639 0.853579 0.824449 0.769474 0.672965 0
0.948825 0.942007 0.930285 0.917746 0.896728 0.880457 0.85485 0.817986 0.772335 0.679566 0
0.9461 0.942279 0.93192 0.915203 0.896011 0.88122 0.853897 0.81713 0.771651 0.676447 0
0.945549 0.945821 0.934917 0.916565 0.898395 0.880621 0.855123 0.821101 0.768861 0.685925 0
0.956999 0.938737 0.936961 0.917474 0.898091 0.878876 0.857576 0.825617 0.770905 0.673328 0
0.940651 0.936557 0.927832 0.917837 0.895397 0.878876 0.856804 0.82297 0.767362 0.676689 0
0.95155 0.938464 0.933827 0.921471 0.898804 0.884545 0.858802 0.820166 0.767464 0.676598 0
0.943375 0.941734 0.933827 0.9192 0.895942 0.878222 0.857939 0.819271 0.769849 0.677628 0
0.95155 0.943096 0.934509 0.919563 0.896011 0.881547 0.85694 0.821373 0.768588 0.674963 0
0.954275 0.935467 0.930012 0.915021 0.897237 0.880294 0.859983 0.820556 0.76852 0.680868 0
0.956999 0.940372 0.934781 0.917837 0.899349 0.882637 0.858893 0.822035 0.76944 0.675599 0
0.95155 0.943369 0.93083 0.914113 0.895942 0.879749 0.857984 0.82114 0.768179 0.676538 0
0.95155 0.938737 0.93301 0.917746 0.899758 0.880403 0.856894 0.823787 0.772676 0.674176 0
0.95155 0.942007 0.931511 0.915384 0.896896 0.880784 0.857712 0.820088 0.769815 0.674055 0
0.945549 0.939554 0.932465 0.918473 0.897714 0.878059 0.857212 0.819466 0.770768 0.68105 0
0.954275 0.940644 0.933146 0.917837 0.899281 0.882092 0.854305 0.817246 0.770496 0.677113 0
0.959724 0.93465 0.932465 0.919654 0.893285 0.881057 0.856122 0.821529 0.769542 0.675902 0
0.948825 0.940917 0.93083 0.920835 0.897033 0.878331 0.856849 0.81892 0.765931 0.670088 0
0.95155 0.937102 0.938188 0.918564 0.89567 0.87844 0.857984 0.821062 0.768827 0.67675 0
0.956999 0.938737 0.935326 0.919472 0.900575 0.879312 0.85535 0.819816 0.768486 0.679082 0
0.942824 0.945004 0.931783 0.916384 0.896964 0.879094 0.857031 0.820556 0.771927 0.678324 0
