1.183038404419999995e-01 1.145544160660000033e-01 1.391614305539999874e-01 1.656771347859999910e-01 1.809816448799999866e-01 1.984843893500000123e-01 2.196195439410000005e-01 2.217784999590000083e-01 2.382923947280000121e-01 2.606574358229999944e-01 2.835874889139999855e-01 3.092012214009999815e-01 3.322486197969999888e-01 3.588573920059999756e-01 3.890231736520000094e-01 4.183620529800000098e-01 4.498481229260000158e-01 4.824235868330000176e-01 5.173701175349999515e-01 5.526201161999999556e-01 5.918807167330000230e-01 6.324308280639999724e-01
1.183038404419999995e-01 1.267129663259999872e-01 1.500628848430000106e-01 1.656771347859999910e-01 1.808103368210000061e-01 2.023236285739999918e-01 2.175800734049999907e-01 2.249397895349999899e-01 2.397846298959999956e-01 2.629383916959999734e-01 2.822140636189999774e-01 3.077855636729999733e-01 3.325167689279999728e-01 3.581001707190000216e-01 3.906614595110000088e-01 4.183363432650000213e-01 4.484004510640000052e-01 4.830767165109999817e-01 5.175479224090000496e-01 5.519514235719999995e-01 5.915353563649999868e-01 6.324308280639999724e-01
1.183038404419999995e-01 1.267129663259999872e-01 1.500628848430000106e-01 1.601049758070000051e-01 1.808103368210000061e-01 1.981935369960000082e-01 2.194442225140000036e-01 2.264158071050000054e-01 2.411370726529999953e-01 2.599447691630000223e-01 2.825053331369999920e-01 3.097008276350000089e-01 3.341187880989999748e-01 3.603207810390000043e-01 3.877171276820000068e-01 4.175259580049999752e-01 4.482220305690000073e-01 4.829686968599999908e-01 5.163623892169999507e-01 5.529442978630000338e-01 5.915713240919999727e-01 6.324308280639999724e-01
1.183038404419999995e-01 1.267129663259999872e-01 1.500628848430000106e-01 1.601049758070000051e-01 1.789935910899999871e-01 1.983289277570000064e-01 2.192360906670000054e-01 2.276456552939999933e-01 2.402986963250000052e-01 2.592132830850000236e-01 2.861951557899999887e-01 3.098002816589999764e-01 3.328739549620000071e-01 3.606253521200000201e-01 3.873920808129999727e-01 4.192232519490000087e-01 4.490855864559999966e-01 4.819912105640000166e-01 5.163171318460000325e-01 5.524004588080000389e-01 5.910902917850000549e-01 6.324308280639999724e-01
1.183038404419999995e-01 1.267129663259999872e-01 1.500628848430000106e-01 1.601049758070000051e-01 1.789935910899999871e-01 2.009625059450000084e-01 2.170714269019999865e-01 2.251441875599999864e-01 2.406402072119999958e-01 2.604478191110000118e-01 2.833592279200000119e-01 3.101788570419999891e-01 3.341222266250000184e-01 3.624855354850000100e-01 3.897328558509999819e-01 4.186355432259999954e-01 4.491637503750000038e-01 4.813614741700000255e-01 5.178239866980000050e-01 5.531419827629999730e-01 5.913705302389999918e-01 6.324308280639999724e-01
1.032507790180000051e-01 1.267129663259999872e-01 1.500628848430000106e-01 1.626304907139999867e-01 1.783368636019999898e-01 1.992266772429999999e-01 2.209316989879999971e-01 2.251441875599999864e-01 2.390246742000000091e-01 2.604432069020000129e-01 2.853932849879999845e-01 3.095631289560000221e-01 3.349068071649999867e-01 3.610916892919999732e-01 3.899351852399999818e-01 4.173775821090000004e-01 4.492687031309999801e-01 4.842546546250000028e-01 5.180877223650000030e-01 5.526084442190000168e-01 5.915177857719999821e-01 6.324308280639999724e-01
1.032507790180000051e-01 1.267129663259999872e-01 1.450540544950000010e-01 1.626304907139999867e-01 1.783368636019999898e-01 2.022094984280000118e-01 2.204698469760000001e-01 2.282017913630000061e-01 2.423366363410000002e-01 2.625817689200000138e-01 2.835715180139999902e-01 3.075323169199999929e-01 3.350232538819999939e-01 3.555370125760000111e-01 3.895176298079999766e-01 4.193546428350000133e-01 4.505379913290000204e-01 4.839143796620000160e-01 5.172223237469999457e-01 5.539780809830000541e-01 5.912306605830000006e-01 6.324308280639999724e-01
1.032507790180000051e-01 1.267129663259999872e-01 1.450540544950000010e-01 1.626304907139999867e-01 1.801286663109999964e-01 1.995365617419999904e-01 2.194346522550000012e-01 2.264679745700000080e-01 2.414557111220000107e-01 2.618358905359999822e-01 2.839875668619999960e-01 3.066199348099999944e-01 3.326874488689999798e-01 3.620932956869999941e-01 3.883848164640000267e-01 4.168880640220000156e-01 4.492899227919999738e-01 4.826004596149999770e-01 5.165949079260000465e-01 5.556492145989999631e-01 5.913122427839999640e-01 6.324308280639999724e-01
1.032507790180000051e-01 1.267129663259999872e-01 1.450540544950000010e-01 1.625033947579999916e-01 1.801286663109999964e-01 1.956274668840000119e-01 2.203805111069999934e-01 2.297943407459999976e-01 2.417584357229999870e-01 2.642777934769999781e-01 2.876716071009999820e-01 3.091209236610000244e-01 3.305016801819999905e-01 3.601762818759999818e-01 3.874001407630000005e-01 4.164081349140000277e-01 4.493277189129999960e-01 4.828618642399999938e-01 5.165337255259999649e-01 5.544265193999999841e-01 5.918523864629999798e-01 6.324308280639999724e-01
1.032507790180000051e-01 1.267129663259999872e-01 1.450540544950000010e-01 1.625033947579999916e-01 1.809325145950000102e-01 1.999539078650000024e-01 2.192949085539999954e-01 2.252040776179999870e-01 2.397128321120000072e-01 2.608906913510000147e-01 2.835410593389999789e-01 3.105931671350000145e-01 3.341061571260000029e-01 3.599561937990000127e-01 3.892083340520000045e-01 4.206504369869999982e-01 4.479633876840000140e-01 4.825222278149999822e-01 5.164487558160000269e-01 5.533963363089999810e-01 5.908308929769999773e-01 6.324308280639999724e-01
1.032507790180000051e-01 1.267129663259999872e-01 1.450540544950000010e-01 1.625033947579999916e-01 1.809325145950000102e-01 1.991856411519999925e-01 2.197430887369999919e-01 2.270757890239999965e-01 2.377152667269999964e-01 2.615052088070000114e-01 2.882064966369999870e-01 3.087571443889999823e-01 3.350696124440000201e-01 3.604945469390000157e-01 3.889579505010000160e-01 4.169298847360000115e-01 4.493451953579999936e-01 4.817228443970000273e-01 5.170731017999999901e-01 5.541755822439999868e-01 5.916842514450000312e-01 6.324308280639999724e-01
1.032507790180000051e-01 1.295679808140000056e-01 1.430197582920000043e-01 1.633603898559999879e-01 1.809325145950000102e-01 1.992176468740000095e-01 2.219229578630000088e-01 2.313010206470000052e-01 2.373804880029999897e-01 2.587553576550000178e-01 2.848674804449999876e-01 3.085486268800000098e-01 3.352373444969999894e-01 3.587891522159999957e-01 3.882691319500000127e-01 4.185192426339999772e-01 4.484113528109999747e-01 4.842091497200000094e-01 5.175171028499999659e-01 5.546736300119999852e-01 5.908396392479999815e-01 6.324308280639999724e-01
1.032507790180000051e-01 1.295679808140000056e-01 1.430197582920000043e-01 1.633603898559999879e-01 1.832209604139999892e-01 1.987346565389999931e-01 2.177267587689999950e-01 2.291443358899999949e-01 2.399582931299999999e-01 2.582735962120000228e-01 2.822382307679999758e-01 3.101664848669999919e-01 3.320703122829999909e-01 3.590258306519999998e-01 3.889197884930000182e-01 4.173418134010000169e-01 4.490903721169999807e-01 4.820222031220000036e-01 5.173516762559999815e-01 5.541426103219999622e-01 5.913616370769999575e-01 6.324308280639999724e-01
1.032507790180000051e-01 1.295679808140000056e-01 1.430197582920000043e-01 1.633603898559999879e-01 1.832209604139999892e-01 1.998349945700000074e-01 2.180635724770000061e-01 2.280663423000000023e-01 2.373578693049999966e-01 2.618851995720000159e-01 2.840135368250000236e-01 3.124091439269999770e-01 3.320880866829999944e-01 3.593067204090000244e-01 3.884879874189999804e-01 4.177567425509999821e-01 4.502745260600000132e-01 4.827539715479999827e-01 5.159926767000000414e-01 5.537005528539999943e-01 5.903637181359999708e-01 6.324308280639999724e-01
1.032507790180000051e-01 1.295679808140000056e-01 1.430197582920000043e-01 1.660180778929999934e-01 1.811529291679999931e-01 2.001609058840000122e-01 2.203090328629999928e-01 2.293427435790000024e-01 2.397053406209999904e-01 2.619996517989999774e-01 2.854054292689999772e-01 3.092194129110000245e-01 3.321661962029999748e-01 3.595904053249999732e-01 3.865839105530000097e-01 4.156067733220000227e-01 4.498697714039999740e-01 4.825327449719999939e-01 5.161465726589999914e-01 5.527917603490000165e-01 5.910685414099999813e-01 6.324308280639999724e-01
1.032507790180000051e-01 1.295679808140000056e-01 1.430197582920000043e-01 1.660180778929999934e-01 1.811529291679999931e-01 2.007453071899999997e-01 2.194018898960000130e-01 2.259144549119999901e-01 2.387610567319999877e-01 2.641990400670000128e-01 2.851805530879999995e-01 3.076464566270000200e-01 3.311693185610000145e-01 3.602973038260000038e-01 3.891508612719999927e-01 4.176495495470000097e-01 4.504142216709999813e-01 4.820064499469999819e-01 5.162333689160000239e-01 5.534826885700000476e-01 5.912912394270000149e-01 6.324308280639999724e-01
1.032507790180000051e-01 1.295679808140000056e-01 1.388633052680000035e-01 1.660180778929999934e-01 1.853951804510000079e-01 1.992026699979999871e-01 2.226287793439999940e-01 2.275772070350000065e-01 2.415161465350000036e-01 2.623440083599999917e-01 2.840340062789999953e-01 3.080762755220000093e-01 3.341471182210000168e-01 3.597148706120000261e-01 3.883164090699999793e-01 4.182747242040000257e-01 4.503814735389999879e-01 4.821943082440000028e-01 5.162961314770000421e-01 5.536093204930000455e-01 5.912469643000000108e-01 6.324308280639999724e-01
1.032507790180000051e-01 1.295679808140000056e-01 1.388633052680000035e-01 1.613607566630000101e-01 1.853951804510000079e-01 2.010464140300000091e-01 2.169231994889999904e-01 2.264380009889999934e-01 2.380855890409999953e-01 2.611057495910000248e-01 2.845591671150000113e-01 3.073727426060000045e-01 3.326891667119999951e-01 3.578908252949999924e-01 3.883176368510000143e-01 4.193674383830000019e-01 4.490602200559999924e-01 4.810334148950000110e-01 5.158412341239999588e-01 5.526876835789999998e-01 5.910475911420000061e-01 6.324308280639999724e-01
1.032507790180000051e-01 1.295679808140000056e-01 1.388633052680000035e-01 1.613607566630000101e-01 1.782861004740000088e-01 1.994970773979999890e-01 2.180593658359999965e-01 2.232339472650000101e-01 2.421511618040000091e-01 2.591416084670000175e-01 2.807502961930000152e-01 3.087643555680000262e-01 3.317729935229999927e-01 3.595506489199999933e-01 3.863920072970000175e-01 4.173900632559999768e-01 4.483950010100000161e-01 4.827093209850000233e-01 5.171968234410000420e-01 5.528656414150000531e-01 5.916809710579999937e-01 6.324308280639999724e-01
1.032507790180000051e-01 1.295679808140000056e-01 1.388633052680000035e-01 1.613607566630000101e-01 1.782861004740000088e-01 1.964438056820000111e-01 2.199010034549999937e-01 2.232339472650000101e-01 2.389481510420000121e-01 2.606312447749999928e-01 2.849642884959999733e-01 3.091320809779999901e-01 3.334647059699999971e-01 3.587270796429999908e-01 3.900735103110000157e-01 4.192929288119999764e-01 4.463175387609999989e-01 4.848491661600000113e-01 5.173514333459999781e-01 5.527335144349999618e-01 5.911303363800000099e-01 6.324308280639999724e-01
1.032507790180000051e-01 1.295679808140000056e-01 1.388633052680000035e-01 1.622136233760000101e-01 1.782861004740000088e-01 1.973311597569999964e-01 2.213085447789999993e-01 2.279979733330000091e-01 2.405631787680000133e-01 2.595569527380000019e-01 2.855575106239999772e-01 3.074539499860000080e-01 3.344625071810000128e-01 3.596558668479999943e-01 3.905323382390000209e-01 4.175995599169999850e-01 4.509280289800000063e-01 4.823496364140000270e-01 5.165083281450000285e-01 5.551132255909999591e-01 5.905923148120000299e-01 6.324308280639999724e-01
1.032507790180000051e-01 1.322148315979999877e-01 1.388633052680000035e-01 1.622136233760000101e-01 1.787540443869999884e-01 1.996722461260000137e-01 2.208397213939999881e-01 2.268822823090000107e-01 2.411024317300000108e-01 2.623687141869999739e-01 2.834288193310000037e-01 3.078961681749999846e-01 3.352411929860000250e-01 3.579324910500000234e-01 3.889098229829999753e-01 4.188278400229999976e-01 4.506958348930000247e-01 4.837829528700000048e-01 5.158437082169999854e-01 5.527294270110000296e-01 5.908624533770000520e-01 6.324308280639999724e-01
1.032507790180000051e-01 1.322148315979999877e-01 1.466210925099999951e-01 1.622136233760000101e-01 1.787540443869999884e-01 2.010168177699999947e-01 2.203437224270000105e-01 2.259833887749999881e-01 2.423309435999999872e-01 2.613071236150000254e-01 2.844352498550000163e-01 3.119154049990000011e-01 3.332259706319999903e-01 3.604947320199999861e-01 3.895870105629999913e-01 4.179888631900000040e-01 4.487475104099999945e-01 4.827767627960000141e-01 5.168623970979999704e-01 5.533324530019999576e-01 5.906225002339999808e-01 6.324308280639999724e-01
1.032507790180000051e-01 1.322148315979999877e-01 1.466210925099999951e-01 1.614006684229999933e-01 1.820105689460000120e-01 1.983420699369999873e-01 2.184661659840000103e-01 2.273183333000000084e-01 2.409252557530000005e-01 2.600239029849999994e-01 2.848412920010000016e-01 3.072662825560000255e-01 3.319625464579999963e-01 3.621470228729999907e-01 3.886577547330000160e-01 4.160355123430000135e-01 4.491905474630000228e-01 4.808770687089999885e-01 5.170518115490000399e-01 5.535872012170000023e-01 5.911419338410000002e-01 6.324308280639999724e-01
1.032507790180000051e-01 1.322148315979999877e-01 1.466210925099999951e-01 1.614006684229999933e-01 1.820105689460000120e-01 1.999186436909999864e-01 2.179455038750000018e-01 2.271645764649999899e-01 2.359936641690000003e-01 2.592248243220000026e-01 2.836259670640000063e-01 3.103178295979999723e-01 3.331578812939999801e-01 3.623013886879999923e-01 3.895603449919999850e-01 4.168428648740000186e-01 4.493464689500000220e-01 4.817316094030000273e-01 5.172855375339999728e-01 5.522786701430000278e-01 5.920085384269999640e-01 6.324308280639999724e-01
1.032507790180000051e-01 1.322148315979999877e-01 1.466210925099999951e-01 1.614006684229999933e-01 1.810366883739999988e-01 1.987470398149999984e-01 2.227238056070000027e-01 2.296517874719999908e-01 2.404942609600000114e-01 2.626534566209999810e-01 2.831647975420000241e-01 3.053205287379999744e-01 3.335715413790000250e-01 3.594746174580000231e-01 3.889600665299999815e-01 4.168600146490000213e-01 4.524248222830000166e-01 4.826495542359999780e-01 5.166247692359999810e-01 5.528736258840000195e-01 5.911315349429999699e-01 6.324308280639999724e-01
1.032507790180000051e-01 1.322148315979999877e-01 1.466210925099999951e-01 1.614006684229999933e-01 1.810366883739999988e-01 2.032389443250000038e-01 2.143340683580000072e-01 2.277878377529999887e-01 2.413381244599999975e-01 2.600168533660000003e-01 2.833336128760000072e-01 3.073611747519999771e-01 3.336851523689999821e-01 3.627536860789999928e-01 3.870459488269999970e-01 4.185829455760000095e-01 4.507844958989999928e-01 4.828720039200000147e-01 5.175241954829999935e-01 5.529358219000000130e-01 5.908999373659999943e-01 6.324308280639999724e-01
1.032507790180000051e-01 1.322148315979999877e-01 1.431328584759999911e-01 1.633267068850000059e-01 1.787973887740000045e-01 1.963809737920000076e-01 2.193387596770000059e-01 2.275110506630000085e-01 2.368755044460000014e-01 2.622989835010000048e-01 2.861875260319999836e-01 3.066673965439999927e-01 3.329047606259999958e-01 3.628631179010000096e-01 3.892951081820000270e-01 4.189668761120000084e-01 4.477419187660000022e-01 4.824658500469999889e-01 5.177469714550000379e-01 5.519840380499999588e-01 5.919864931510000483e-01 6.324308280639999724e-01
1.032507790180000051e-01 1.322148315979999877e-01 1.431328584759999911e-01 1.633267068850000059e-01 1.787973887740000045e-01 1.979183368390000086e-01 2.207447365530000039e-01 2.241512871609999957e-01 2.382336464710000101e-01 2.607736229689999741e-01 2.832601385969999996e-01 3.096446726300000063e-01 3.317738267650000017e-01 3.598258058359999900e-01 3.867021585320000177e-01 4.191019928649999948e-01 4.497181057499999857e-01 4.825751075410000257e-01 5.163032979399999611e-01 5.524489150229999757e-01 5.912884974300000041e-01 6.324308280639999724e-01
1.032507790180000051e-01 1.322148315979999877e-01 1.431328584759999911e-01 1.633267068850000059e-01 1.787973887740000045e-01 1.968093555859999899e-01 2.181511037040000101e-01 2.285431147729999890e-01 2.377626233940000056e-01 2.585853316810000080e-01 2.847033091860000087e-01 3.092958556989999774e-01 3.337096101690000260e-01 3.594866459289999816e-01 3.903079996680000052e-01 4.161944034110000024e-01 4.479478420260000204e-01 4.821701616590000072e-01 5.164710640059999580e-01 5.525353225910000221e-01 5.910705671110000337e-01 6.324308280639999724e-01
1.032507790180000051e-01 1.322148315979999877e-01 1.431328584759999911e-01 1.647544308370000044e-01 1.824880009179999929e-01 2.017941174539999993e-01 2.217018851679999902e-01 2.296652491900000037e-01 2.389348989500000020e-01 2.606810887350000105e-01 2.843326560680000115e-01 3.059222060799999809e-01 3.339745444800000240e-01 3.607739628259999942e-01 3.914572018190000113e-01 4.202487785460000125e-01 4.488576882290000181e-01 4.832388563400000225e-01 5.175677849169999512e-01 5.536077255589999524e-01 5.908729958009999450e-01 6.324308280639999724e-01
1.032507790180000051e-01 1.410928143940000101e-01 1.431328584759999911e-01 1.647544308370000044e-01 1.824880009179999929e-01 2.012952518299999938e-01 2.187346681360000100e-01 2.288621027649999917e-01 2.395833624139999951e-01 2.627873547969999946e-01 2.823696240860000262e-01 3.079906561979999791e-01 3.303383327150000159e-01 3.604109853999999946e-01 3.883974143560000036e-01 4.180380542400000121e-01 4.489401976399999827e-01 4.827523336990000025e-01 5.172997160700000263e-01 5.544326650249999933e-01 5.919295211899999742e-01 6.324308280639999724e-01
1.032507790180000051e-01 1.410928143940000101e-01 1.460993411460000113e-01 1.647544308370000044e-01 1.768035036239999913e-01 2.010885619780000133e-01 2.176509675960000001e-01 2.249979581880000024e-01 2.379437215169999953e-01 2.604442925509999895e-01 2.855120005810000139e-01 3.100424940120000139e-01 3.350643131309999911e-01 3.602458522590000212e-01 3.891365220199999864e-01 4.159486151730000247e-01 4.509658353970000255e-01 4.834238604219999735e-01 5.177514959750000312e-01 5.533278000239999495e-01 5.907644141719999853e-01 6.324308280639999724e-01
1.032507790180000051e-01 1.410928143940000101e-01 1.460993411460000113e-01 1.593986441939999887e-01 1.768035036239999913e-01 1.982933840649999946e-01 2.207290806780000114e-01 2.249979581880000024e-01 2.384424838649999989e-01 2.602266041649999861e-01 2.821477072370000005e-01 3.088078909950000006e-01 3.312778481679999887e-01 3.594052766320000036e-01 3.897933331089999953e-01 4.191806783959999838e-01 4.505767832420000119e-01 4.817872517899999818e-01 5.177169173990000539e-01 5.528369957600000051e-01 5.912190988819999715e-01 6.324308280639999724e-01
1.032507790180000051e-01 1.410928143940000101e-01 1.460993411460000113e-01 1.593986441939999887e-01 1.782858212910000129e-01 2.014555548389999895e-01 2.213030189090000044e-01 2.270665268829999972e-01 2.369666088880000021e-01 2.598309293350000160e-01 2.837207285400000223e-01 3.093998045240000105e-01 3.327829660869999762e-01 3.612158058750000178e-01 3.885273352049999906e-01 4.199011650769999826e-01 4.500417396990000207e-01 4.829590903459999862e-01 5.182339790829999515e-01 5.544413668600000067e-01 5.909923098479999970e-01 6.324308280639999724e-01
1.032507790180000051e-01 1.410928143940000101e-01 1.460993411460000113e-01 1.593986441939999887e-01 1.782858212910000129e-01 1.958704729619999974e-01 2.193967690339999888e-01 2.277500509310000087e-01 2.384196964049999923e-01 2.581587857839999778e-01 2.855431305939999942e-01 3.101974545399999728e-01 3.336717683029999937e-01 3.593233659410000058e-01 3.891908370059999900e-01 4.188926406280000236e-01 4.483032636479999944e-01 4.830735403259999727e-01 5.179544406210000451e-01 5.514813894329999577e-01 5.912894778139999863e-01 6.324308280639999724e-01
1.032507790180000051e-01 1.410928143940000101e-01 1.460993411460000113e-01 1.598052626279999888e-01 1.810328813709999873e-01 1.996654901179999997e-01 2.187985327399999957e-01 2.260360789860000053e-01 2.376258423940000031e-01 2.614620277560000261e-01 2.824011042749999811e-01 3.086498480359999852e-01 3.338935433340000092e-01 3.617221485600000119e-01 3.882845445900000025e-01 4.199657398209999948e-01 4.515504846380000159e-01 4.831564119769999888e-01 5.170321634169999792e-01 5.531263606059999560e-01 5.908817349960000520e-01 6.324308280639999724e-01
1.032507790180000051e-01 1.410928143940000101e-01 1.460993411460000113e-01 1.598052626279999888e-01 1.810328813709999873e-01 1.960566965370000025e-01 2.192694953719999951e-01 2.308013812930000130e-01 2.395549053740000101e-01 2.620789671950000121e-01 2.847137476939999856e-01 3.062356794189999842e-01 3.333721342339999727e-01 3.589288277989999831e-01 3.873449001550000048e-01 4.189985843619999928e-01 4.493965581209999893e-01 4.817148415920000093e-01 5.172639547370000423e-01 5.524783533460000395e-01 5.906821316100000496e-01 6.324308280639999724e-01
1.032507790180000051e-01 1.410928143940000101e-01 1.483561932920000048e-01 1.598052626279999888e-01 1.810328813709999873e-01 2.015894955629999874e-01 2.201321138919999920e-01 2.279191620940000107e-01 2.394773127950000080e-01 2.607192106940000031e-01 2.856710890220000021e-01 3.071181313520000011e-01 3.309507941859999858e-01 3.611381026389999804e-01 3.919656247859999998e-01 4.169961800290000187e-01 4.490352306390000270e-01 4.833605822550000042e-01 5.161477720299999516e-01 5.529379350419999506e-01 5.914409663690000096e-01 6.324308280639999724e-01
1.032507790180000051e-01 1.410928143940000101e-01 1.483561932920000048e-01 1.652825156380000049e-01 1.816310945719999959e-01 2.029492577869999870e-01 2.189779992249999974e-01 2.285195709639999961e-01 2.396306744610000039e-01 2.609642717110000065e-01 2.850851615710000009e-01 3.060082300820000101e-01 3.309078978319999753e-01 3.579814003060000083e-01 3.896497739240000202e-01 4.176079766710000252e-01 4.501199793119999848e-01 4.806491674939999958e-01 5.177021145829999726e-01 5.528389891820000290e-01 5.903946260419999925e-01 6.324308280639999724e-01
1.032507790180000051e-01 1.410928143940000101e-01 1.483561932920000048e-01 1.652825156380000049e-01 1.816310945719999959e-01 1.972019908319999904e-01 2.188383462019999892e-01 2.273389226249999950e-01 2.396716375119999909e-01 2.606626075590000036e-01 2.853009054880000228e-01 3.071969889119999797e-01 3.334390369779999808e-01 3.615770982570000180e-01 3.892124766889999976e-01 4.176605444109999787e-01 4.504697238350000021e-01 4.813954734449999995e-01 5.168797692879999461e-01 5.526513085599999986e-01 5.917927135210000467e-01 6.324308280639999724e-01
1.032507790180000051e-01 1.302139250769999979e-01 1.483561932920000048e-01 1.652825156380000049e-01 1.821671666069999973e-01 1.991642545079999882e-01 2.184255807240000069e-01 2.258099787610000075e-01 2.401278081890000082e-01 2.624089202239999752e-01 2.855907251800000046e-01 3.079325342429999890e-01 3.363478245550000079e-01 3.612000977520000156e-01 3.886739141409999987e-01 4.195770335760000136e-01 4.476358684160000045e-01 4.833638376080000021e-01 5.180959720869999785e-01 5.531610519870000520e-01 5.909698503720000051e-01 6.324308280639999724e-01
1.032507790180000051e-01 1.302139250769999979e-01 1.483561932920000048e-01 1.600100814579999975e-01 1.821671666069999973e-01 2.004045044580000101e-01 2.198375551719999876e-01 2.245952687760000011e-01 2.417970114230000023e-01 2.621789219189999964e-01 2.833768180060000086e-01 3.091674075199999927e-01 3.328957636970000245e-01 3.595400442600000246e-01 3.885027300569999786e-01 4.183026120309999984e-01 4.490578276400000179e-01 4.812510421969999896e-01 5.170190015309999998e-01 5.522788638579999576e-01 5.901093048029999455e-01 6.324308280639999724e-01
1.032507790180000051e-01 1.302139250769999979e-01 1.492002899569999930e-01 1.600100814579999975e-01 1.810202557109999999e-01 2.032095377710000095e-01 2.200670177869999966e-01 2.290898861060000069e-01 2.404790828629999877e-01 2.597663355109999794e-01 2.851289810389999735e-01 3.062274928179999911e-01 3.353481978219999826e-01 3.578381970380000165e-01 3.882274631459999847e-01 4.161582105880000104e-01 4.498489280130000267e-01 4.822203935180000012e-01 5.174181802509999484e-01 5.535293653330000119e-01 5.910695909519999569e-01 6.324308280639999724e-01
1.032507790180000051e-01 1.302139250769999979e-01 1.492002899569999930e-01 1.600100814579999975e-01 1.810202557109999999e-01 2.011190663219999952e-01 2.185475904080000087e-01 2.243636623320000023e-01 2.394951009400000108e-01 2.610887830559999734e-01 2.845681279519999829e-01 3.062144594710000112e-01 3.346915693020000027e-01 3.592358522260000186e-01 3.890112353460000172e-01 4.188257792039999927e-01 4.501838861770000033e-01 4.823631970250000234e-01 5.172517176340000189e-01 5.529022380300000483e-01 5.910964424779999726e-01 6.324308280639999724e-01
1.032507790180000051e-01 1.302139250769999979e-01 1.492002899569999930e-01 1.600100814579999975e-01 1.782570841209999979e-01 2.017649448699999903e-01 2.196104540159999896e-01 2.285577201640000000e-01 2.370671614519999915e-01 2.599971488460000035e-01 2.831335092000000220e-01 3.098513913570000167e-01 3.332872896199999824e-01 3.597806775290000036e-01 3.881741432949999959e-01 4.186893381069999864e-01 4.490869420640000165e-01 4.815482764449999786e-01 5.177383625220000063e-01 5.529305256619999609e-01 5.907445349990000372e-01 6.324308280639999724e-01
1.148935640449999934e-01 1.302139250769999979e-01 1.492002899569999930e-01 1.573386107620000085e-01 1.782570841209999979e-01 2.002059186959999904e-01 2.220176848900000111e-01 2.258431805499999945e-01 2.378938595929999955e-01 2.606015864719999908e-01 2.827750982730000140e-01 3.101160963230000234e-01 3.347116598259999853e-01 3.614090814559999809e-01 3.902765004820000216e-01 4.201997447690000165e-01 4.496276873280000141e-01 4.826402162530000206e-01 5.173412986490000254e-01 5.527985057190000218e-01 5.912163696679999525e-01 6.324308280639999724e-01
1.148935640449999934e-01 1.302139250769999979e-01 1.492002899569999930e-01 1.573386107620000085e-01 1.804712346690000024e-01 2.028019170489999967e-01 2.205599149859999997e-01 2.272374421970000113e-01 2.399219680949999933e-01 2.626058995889999914e-01 2.817379271100000082e-01 3.063849327309999815e-01 3.288720856960000161e-01 3.611550619430000109e-01 3.870196156280000244e-01 4.179762364330000257e-01 4.500530434689999915e-01 4.836530720919999804e-01 5.166668414930000175e-01 5.531155301889999487e-01 5.903970813519999750e-01 6.324308280639999724e-01
1.148935640449999934e-01 1.302139250769999979e-01 1.405633455610000027e-01 1.573386107620000085e-01 1.804712346690000024e-01 2.017895757610000118e-01 2.202685235849999867e-01 2.272374421970000113e-01 2.407904434370000124e-01 2.616845136009999795e-01 2.852180900579999734e-01 3.098836103170000134e-01 3.336672780080000011e-01 3.608597315579999965e-01 3.902480434450000257e-01 4.199660815089999999e-01 4.505138948929999776e-01 4.825249528969999813e-01 5.170109556209999679e-01 5.528527099950000245e-01 5.910317980439999674e-01 6.324308280639999724e-01
1.148935640449999934e-01 1.302139250769999979e-01 1.405633455610000027e-01 1.592316953179999939e-01 1.804712346690000024e-01 2.007799138420000018e-01 2.180442371920000011e-01 2.246464574420000138e-01 2.380692597019999912e-01 2.627189416190000015e-01 2.839179403950000125e-01 3.095645531980000253e-01 3.357193958749999929e-01 3.592922331799999758e-01 3.869676513840000220e-01 4.166448947490000165e-01 4.489969911130000102e-01 4.817837294110000057e-01 5.165120466820000145e-01 5.538083382149999734e-01 5.912689124579999511e-01 6.324308280639999724e-01
1.148935640449999934e-01 1.302139250769999979e-01 1.405633455610000027e-01 1.592316953179999939e-01 1.839001222589999873e-01 2.007861096670000012e-01 2.191294963200000057e-01 2.264520897099999985e-01 2.401639572869999906e-01 2.616595506220000256e-01 2.838476380600000182e-01 3.096885461780000126e-01 3.333628944250000004e-01 3.570958808620000036e-01 3.870486032470000226e-01 4.184273148629999994e-01 4.485994060969999975e-01 4.846502621050000070e-01 5.167235932639999696e-01 5.524344436779999867e-01 5.905012521250000423e-01 6.324308280639999724e-01
1.148935640449999934e-01 1.362261263469999872e-01 1.405633455610000027e-01 1.592316953179999939e-01 1.839001222589999873e-01 2.004392175749999949e-01 2.158949376469999903e-01 2.279675242339999908e-01 2.402445905049999941e-01 2.588660604329999781e-01 2.847235122169999855e-01 3.095416170490000174e-01 3.348720950660000195e-01 3.592182979720000002e-01 3.883512637250000066e-01 4.191217776819999852e-01 4.489646388169999947e-01 4.826871977609999975e-01 5.176304613400000143e-01 5.527332332169999640e-01 5.908177216779999519e-01 6.324308280639999724e-01
1.148935640449999934e-01 1.362261263469999872e-01 1.405633455610000027e-01 1.639623757820000138e-01 1.810614080329999986e-01 1.993327650789999961e-01 2.202935081569999953e-01 2.261372988099999981e-01 2.380590701520000074e-01 2.617161916840000102e-01 2.851038973319999781e-01 3.085051606790000234e-01 3.360719723319999797e-01 3.576874800770000196e-01 3.895243889539999893e-01 4.199067352590000191e-01 4.513099400930000171e-01 4.817459987230000018e-01 5.168658582130000179e-01 5.529327487249999784e-01 5.913187414460000513e-01 6.324308280639999724e-01
1.148935640449999934e-01 1.362261263469999872e-01 1.467637266090000003e-01 1.639623757820000138e-01 1.810614080329999986e-01 1.956279499380000064e-01 2.182791915700000029e-01 2.294851606580000092e-01 2.407088036560000033e-01 2.615047742130000019e-01 2.830474111640000068e-01 3.105430865470000246e-01 3.331833067120000269e-01 3.603765313569999851e-01 3.898556079669999730e-01 4.190215918169999942e-01 4.486718154770000244e-01 4.810942803209999896e-01 5.164788822350000475e-01 5.527722172929999678e-01 5.911170063289999943e-01 6.324308280639999724e-01
1.148935640449999934e-01 1.362261263469999872e-01 1.467637266090000003e-01 1.639623757820000138e-01 1.801497061890000029e-01 2.009666910440000009e-01 2.194093029610000023e-01 2.255631379149999893e-01 2.406757955109999902e-01 2.598169604400000221e-01 2.833424462360000229e-01 3.088252134539999916e-01 3.367939027910000216e-01 3.636625017590000009e-01 3.860495006829999798e-01 4.189868162050000011e-01 4.485775070560000244e-01 4.821341747410000100e-01 5.171862068160000270e-01 5.536170392570000098e-01 5.911946909170000541e-01 6.324308280639999724e-01
1.148935640449999934e-01 1.362261263469999872e-01 1.467637266090000003e-01 1.623091270600000025e-01 1.801497061890000029e-01 1.988120381509999868e-01 2.209938501450000037e-01 2.291050443890000066e-01 2.413118841690000127e-01 2.582716631620000092e-01 2.827636950010000150e-01 3.091762971740000254e-01 3.342237196110000030e-01 3.588217148919999877e-01 3.879137030090000215e-01 4.199321976689999736e-01 4.495901194829999836e-01 4.807934378900000083e-01 5.172290637940000213e-01 5.534074355150000457e-01 5.927699327280000485e-01 6.324308280639999724e-01
1.148935640449999934e-01 1.362261263469999872e-01 1.467637266090000003e-01 1.623091270600000025e-01 1.797674561010000061e-01 1.996617011529999985e-01 2.188329099109999898e-01 2.269053658680000030e-01 2.394235793989999972e-01 2.619000376789999973e-01 2.837488686899999890e-01 3.080526608649999942e-01 3.360503743070000215e-01 3.595405925810000181e-01 3.917683911079999914e-01 4.188871975860000152e-01 4.485009681880000043e-01 4.810028385860000144e-01 5.169336331970000309e-01 5.509819664189999910e-01 5.902219026239999833e-01 6.324308280639999724e-01
1.148935640449999934e-01 1.362261263469999872e-01 1.467637266090000003e-01 1.623091270600000025e-01 1.797674561010000061e-01 2.025382229659999922e-01 2.184994982200000047e-01 2.241121637019999890e-01 2.394049538709999980e-01 2.606220344280000267e-01 2.852262753909999837e-01 3.075146038830000039e-01 3.334836145339999947e-01 3.608461269389999782e-01 3.878684519869999847e-01 4.169057495349999809e-01 4.507400325350000014e-01 4.835398617800000243e-01 5.168741943900000413e-01 5.515739249200000138e-01 5.919666073610000412e-01 6.324308280639999724e-01
1.148935640449999934e-01 1.362261263469999872e-01 1.467637266090000003e-01 1.648942695279999870e-01 1.797674561010000061e-01 1.996938253620000048e-01 2.202484252149999877e-01 2.248141184109999913e-01 2.401214958969999924e-01 2.588094801799999956e-01 2.821092251449999755e-01 3.074702204520000093e-01 3.339064994920000196e-01 3.598842896619999787e-01 3.870980711409999775e-01 4.181947880699999898e-01 4.502343902639999729e-01 4.804935494350000003e-01 5.174934555810000170e-01 5.532805864730000467e-01 5.919105072089999586e-01 6.324308280639999724e-01
1.148935640449999934e-01 1.362261263469999872e-01 1.445662224769999893e-01 1.648942695279999870e-01 1.815966077010000013e-01 2.014840505269999971e-01 2.198406511150000076e-01 2.269910196619999987e-01 2.376068853999999952e-01 2.604558043649999877e-01 2.863628094160000082e-01 3.105430656920000199e-01 3.350353330320000045e-01 3.606379785930000081e-01 3.888815767420000236e-01 4.193145366079999992e-01 4.489135319940000257e-01 4.836068194229999895e-01 5.179139505199999993e-01 5.538821637649999907e-01 5.909651805169999772e-01 6.324308280639999724e-01
1.148935640449999934e-01 1.362261263469999872e-01 1.445662224769999893e-01 1.648942695279999870e-01 1.815966077010000013e-01 1.995523866460000018e-01 2.196787119140000133e-01 2.281318009040000094e-01 2.382514696649999930e-01 2.608464950809999960e-01 2.820384239859999864e-01 3.071982631360000160e-01 3.342986296830000037e-01 3.586267483330000116e-01 3.884627379150000226e-01 4.190276034520000192e-01 4.484368680149999897e-01 4.823492941020000035e-01 5.182654835890000422e-01 5.528214816300000001e-01 5.906135723409999816e-01 6.324308280639999724e-01
1.148935640449999934e-01 1.256960183109999962e-01 1.445662224769999893e-01 1.626965617470000069e-01 1.795687665850000114e-01 1.985404484099999867e-01 2.174216742070000097e-01 2.281318009040000094e-01 2.417065011460000079e-01 2.629828055160000067e-01 2.829145673610000133e-01 3.076602284009999910e-01 3.322217760430000166e-01 3.599754569249999925e-01 3.921407186690000213e-01 4.167123148429999757e-01 4.503423182719999973e-01 4.821331403599999899e-01 5.166861624730000324e-01 5.538244370489999735e-01 5.911905952879999981e-01 6.324308280639999724e-01
1.148935640449999934e-01 1.256960183109999962e-01 1.445662224769999893e-01 1.626965617470000069e-01 1.795687665850000114e-01 2.007240596300000068e-01 2.204687068260000049e-01 2.269193122469999879e-01 2.386535029200000102e-01 2.614710575749999988e-01 2.818084009969999970e-01 3.050347178200000231e-01 3.328916996690000074e-01 3.593335145850000134e-01 3.885780725870000007e-01 4.195037834959999823e-01 4.496183633949999980e-01 4.840431628069999936e-01 5.165986250380000255e-01 5.529789104290000479e-01 5.903205397999999882e-01 6.324308280639999724e-01
1.148935640449999934e-01 1.256960183109999962e-01 1.445662224769999893e-01 1.626965617470000069e-01 1.773320462609999926e-01 1.986842710229999864e-01 2.213238361419999911e-01 2.279552225950000066e-01 2.413525394640000099e-01 2.584289928979999762e-01 2.835060337590000201e-01 3.077693069849999907e-01 3.308599169609999779e-01 3.607567432959999931e-01 3.903992054370000186e-01 4.171075048549999775e-01 4.496339723589999893e-01 4.831755585020000021e-01 5.170110337669999723e-01 5.526931875270000294e-01 5.914778751120000067e-01 6.324308280639999724e-01
1.148935640449999934e-01 1.256960183109999962e-01 1.526954395289999988e-01 1.635145215119999940e-01 1.773320462609999926e-01 2.016934584929999941e-01 2.217299996640000048e-01 2.256397217280000089e-01 2.381935264170000066e-01 2.569688992599999944e-01 2.829088979459999931e-01 3.088013247179999810e-01 3.337625390469999842e-01 3.590734743580000221e-01 3.884094174730000071e-01 4.188069855909999917e-01 4.486318756800000140e-01 4.834200467829999903e-01 5.163832304659999872e-01 5.529486432800000406e-01 5.913801378899999905e-01 6.324308280639999724e-01
1.148935640449999934e-01 1.256960183109999962e-01 1.526954395289999988e-01 1.635145215119999940e-01 1.795415769569999875e-01 1.981805150129999915e-01 2.188844352740000054e-01 2.302674173779999944e-01 2.387432750700000106e-01 2.614970973180000269e-01 2.848994681040000199e-01 3.073437133720000047e-01 3.309045258430000080e-01 3.602491094949999972e-01 3.886707651160000165e-01 4.190360360609999835e-01 4.495926761699999830e-01 4.812841389620000077e-01 5.167145909770000101e-01 5.513305418599999674e-01 5.911635233769999553e-01 6.324308280639999724e-01
1.148935640449999934e-01 1.256960183109999962e-01 1.526954395289999988e-01 1.635145215119999940e-01 1.795415769569999875e-01 1.997533540900000015e-01 2.199671034379999945e-01 2.260968112170000099e-01 2.404611592810000087e-01 2.610128247669999957e-01 2.832763244829999971e-01 3.072385265140000210e-01 3.339729812400000220e-01 3.588543149050000269e-01 3.888655919519999893e-01 4.185607049899999765e-01 4.491707152509999967e-01 4.805886189069999981e-01 5.161105427300000104e-01 5.536412809370000465e-01 5.921712899490000348e-01 6.324308280639999724e-01
1.148935640449999934e-01 1.256960183109999962e-01 1.526954395289999988e-01 1.669357525859999913e-01 1.795415769569999875e-01 1.998253587990000135e-01 2.228432840440000007e-01 2.275178511450000052e-01 2.400862708260000089e-01 2.648846891259999947e-01 2.855159712329999877e-01 3.064304650849999923e-01 3.335207620489999969e-01 3.618830396809999961e-01 3.873325817230000023e-01 4.194570504039999981e-01 4.485075135830000059e-01 4.828360158439999883e-01 5.185227620240000501e-01 5.512970841580000503e-01 5.912276916930000459e-01 6.324308280639999724e-01
1.148935640449999934e-01 1.256960183109999962e-01 1.526954395289999988e-01 1.669357525859999913e-01 1.812113260959999916e-01 1.990795811989999886e-01 2.183229966949999934e-01 2.274645331690000050e-01 2.384580257420000071e-01 2.604503790930000062e-01 2.851525071170000203e-01 3.081252457390000199e-01 3.352857232540000232e-01 3.610194055750000075e-01 3.881010215599999813e-01 4.183684520220000147e-01 4.498072805669999785e-01 4.830529801069999851e-01 5.165593317790000416e-01 5.525284789209999881e-01 5.904652230019999948e-01 6.324308280639999724e-01
1.148935640449999934e-01 1.256960183109999962e-01 1.465996462599999939e-01 1.669357525859999913e-01 1.812113260959999916e-01 1.999558816560000063e-01 2.201916998410000104e-01 2.293302987530000114e-01 2.401028195469999960e-01 2.618995542199999971e-01 2.827869668060000174e-01 3.095692967950000041e-01 3.338694040319999945e-01 3.616439476950000231e-01 3.879807923240000123e-01 4.181181427019999841e-01 4.496794242989999857e-01 4.828445660890000046e-01 5.178639437869999584e-01 5.519548349759999528e-01 5.910379894430000114e-01 6.324308280639999724e-01
1.241406670119999944e-01 1.256960183109999962e-01 1.465996462599999939e-01 1.588873561399999912e-01 1.818513071260000058e-01 1.986525737950000092e-01 2.163113950289999865e-01 2.273968501170000045e-01 2.392227468260000045e-01 2.590260807329999859e-01 2.838500065930000260e-01 3.081958011659999830e-01 3.346153879120000174e-01 3.626570535859999778e-01 3.884007426919999784e-01 4.192428557990000026e-01 4.490893052800000174e-01 4.824606666019999879e-01 5.177176938049999899e-01 5.527227512550000332e-01 5.907813664050000080e-01 6.324308280639999724e-01
9.073126766460000436e-02 1.256960183109999962e-01 1.465996462599999939e-01 1.588873561399999912e-01 1.818513071260000058e-01 1.983890514120000004e-01 2.187395143570000089e-01 2.268871210769999869e-01 2.382360750370000058e-01 2.593500730680000088e-01 2.862552361660000155e-01 3.097751945869999801e-01 3.330250831970000269e-01 3.594906965579999780e-01 3.903376378349999731e-01 4.190246466559999772e-01 4.509248538039999921e-01 4.842437385050000209e-01 5.196215842929999829e-01 5.539252121590000355e-01 5.907705005319999758e-01 6.324308280639999724e-01
9.073126766460000436e-02 1.263846564349999924e-01 1.465996462599999939e-01 1.588873561399999912e-01 1.746587880330000009e-01 1.981065929609999998e-01 2.184772978039999924e-01 2.269390027150000044e-01 2.417817824290000028e-01 2.623350851519999916e-01 2.851618393620000136e-01 3.089962852640000257e-01 3.338890084830000160e-01 3.609984082409999906e-01 3.891019120290000188e-01 4.194911472589999968e-01 4.499024520550000128e-01 4.824670226850000243e-01 5.187499783250000274e-01 5.536786116180000272e-01 5.909603261629999826e-01 6.324308280639999724e-01
9.073126766460000436e-02 1.263846564349999924e-01 1.465996462599999939e-01 1.578331453200000067e-01 1.746587880330000009e-01 1.984396494860000137e-01 2.191178886769999945e-01 2.292620920379999927e-01 2.384479788799999944e-01 2.630871242160000012e-01 2.835361719930000191e-01 3.083059552819999993e-01 3.334563684710000198e-01 3.603382389399999997e-01 3.888071063160000174e-01 4.180241534679999815e-01 4.485082951730000045e-01 4.820719211269999804e-01 5.173480861410000298e-01 5.527735281040000448e-01 5.904387372120000199e-01 6.324308280639999724e-01
9.073126766460000436e-02 1.263846564349999924e-01 1.465996462599999939e-01 1.578331453200000067e-01 1.796246652519999931e-01 1.995466529509999920e-01 2.217260664000000048e-01 2.292620920379999927e-01 2.397426927909999950e-01 2.597572970129999881e-01 2.845533207620000171e-01 3.083292935849999972e-01 3.327564069639999955e-01 3.611418633519999921e-01 3.896858580490000223e-01 4.174988504570000258e-01 4.490635015769999794e-01 4.827083005989999953e-01 5.171696605059999952e-01 5.533385015080000136e-01 5.913170860630000414e-01 6.324308280639999724e-01
9.073126766460000436e-02 1.263846564349999924e-01 1.450332977419999947e-01 1.578331453200000067e-01 1.796246652519999931e-01 1.996171147920000055e-01 2.187987145910000042e-01 2.294942253950000011e-01 2.408255026820000089e-01 2.602425350099999979e-01 2.845523310990000221e-01 3.067949099869999863e-01 3.338899674440000132e-01 3.624973953080000144e-01 3.874904720260000102e-01 4.188504816670000075e-01 4.494015077990000107e-01 4.832017158499999909e-01 5.189523821399999459e-01 5.530628639239999478e-01 5.906192771870000247e-01 6.324308280639999724e-01
9.073126766460000436e-02 1.263846564349999924e-01 1.450332977419999947e-01 1.622471980920000001e-01 1.796246652519999931e-01 2.005389579640000086e-01 2.201483089369999924e-01 2.249977062409999895e-01 2.424148519790000067e-01 2.608321343700000239e-01 2.840124576899999975e-01 3.086115088829999853e-01 3.333052631330000182e-01 3.608594666739999846e-01 3.878940051599999994e-01 4.150005525509999904e-01 4.498419016760000222e-01 4.807387000850000258e-01 5.188017664020000419e-01 5.527375645569999607e-01 5.913489014859999449e-01 6.324308280639999724e-01
9.073126766460000436e-02 1.263846564349999924e-01 1.450332977419999947e-01 1.622471980920000001e-01 1.807223784080000117e-01 1.995868386040000053e-01 2.181997357010000138e-01 2.246531000010000001e-01 2.396444900220000007e-01 2.608512730709999783e-01 2.837744504829999848e-01 3.041204801799999857e-01 3.350540472090000055e-01 3.596770116360000213e-01 3.891890972440000263e-01 4.181866160620000272e-01 4.474411538620000073e-01 4.817218130670000154e-01 5.189226168270000272e-01 5.536189177720000076e-01 5.914553075330000187e-01 6.324308280639999724e-01
9.073126766460000436e-02 1.263846564349999924e-01 1.450332977419999947e-01 1.622471980920000001e-01 1.807223784080000117e-01 2.027291412760000022e-01 2.188402207210000117e-01 2.280660131520000078e-01 2.398956232839999925e-01 2.577869544120000023e-01 2.849507403070000167e-01 3.080288857249999790e-01 3.364140175620000117e-01 3.599570741529999895e-01 3.899460568770000135e-01 4.189594627159999862e-01 4.473782641249999803e-01 4.812973486859999928e-01 5.177205125239999761e-01 5.531040123929999996e-01 5.910870687100000520e-01 6.324308280639999724e-01
9.073126766460000436e-02 1.263846564349999924e-01 1.450332977419999947e-01 1.589722655689999875e-01 1.787882511660000007e-01 2.007578471950000054e-01 2.176017082049999940e-01 2.286802459349999983e-01 2.396852516290000068e-01 2.610697196560000100e-01 2.842123249929999762e-01 3.066738208129999865e-01 3.330521925589999821e-01 3.604855851359999863e-01 3.896914369430000136e-01 4.208563237490000053e-01 4.509491742460000063e-01 4.811340838250000029e-01 5.167327628000000228e-01 5.531420591200000292e-01 5.912507789069999520e-01 6.324308280639999724e-01
9.073126766460000436e-02 1.263846564349999924e-01 1.447829768699999964e-01 1.589722655689999875e-01 1.787882511660000007e-01 2.000167527220000074e-01 2.183838596169999924e-01 2.278418349290000089e-01 2.363382457740000053e-01 2.638752872330000221e-01 2.860245875610000210e-01 3.085105107639999900e-01 3.355959802549999815e-01 3.622795353409999919e-01 3.893228749329999960e-01 4.180098863389999919e-01 4.497663665039999814e-01 4.831113198599999992e-01 5.179560930130000518e-01 5.515806295249999769e-01 5.908821375030000045e-01 6.324308280639999724e-01
9.073126766460000436e-02 1.263846564349999924e-01 1.447829768699999964e-01 1.589722655689999875e-01 1.778129206680000018e-01 2.017261090639999865e-01 2.168093694209999867e-01 2.291622357260000020e-01 2.401512682670000065e-01 2.588179655789999978e-01 2.847781182040000081e-01 3.079474317850000031e-01 3.331292530589999856e-01 3.593465878980000028e-01 3.896223846760000220e-01 4.174280215060000021e-01 4.511024732500000245e-01 4.812059723189999749e-01 5.175453989849999603e-01 5.540030609270000239e-01 5.917111760580000546e-01 6.324308280639999724e-01
9.073126766460000436e-02 1.223310480289999946e-01 1.447829768699999964e-01 1.613612548989999951e-01 1.778129206680000018e-01 1.996333104930000102e-01 2.180152811180000039e-01 2.265947930009999944e-01 2.382467821320000123e-01 2.602204023149999879e-01 2.841496917160000191e-01 3.079386742129999743e-01 3.327079895169999801e-01 3.613027174099999739e-01 3.877552517599999748e-01 4.169767819849999890e-01 4.482340879050000226e-01 4.842188826839999849e-01 5.172870925779999851e-01 5.523655635409999709e-01 5.919757234520000022e-01 6.324308280639999724e-01
9.073126766460000436e-02 1.223310480289999946e-01 1.447829768699999964e-01 1.613612548989999951e-01 1.765908793729999982e-01 2.002416277749999862e-01 2.171216104710000094e-01 2.265868901879999897e-01 2.424595179260000122e-01 2.604158550690000018e-01 2.827643654770000126e-01 3.086409926479999899e-01 3.337220980630000167e-01 3.605323159209999906e-01 3.885102834220000023e-01 4.174114712720000120e-01 4.499742776049999726e-01 4.828487475770000259e-01 5.169764391769999801e-01 5.527637555400000124e-01 5.905812431970000054e-01 6.324308280639999724e-01
9.073126766460000436e-02 1.223310480289999946e-01 1.469245062489999976e-01 1.613612548989999951e-01 1.765908793729999982e-01 1.994303723580000132e-01 2.202211345020000099e-01 2.272953160850000043e-01 2.393483261409999896e-01 2.601613542840000015e-01 2.855174910869999749e-01 3.105580820689999855e-01 3.338287616139999914e-01 3.607315240060000039e-01 3.884021285609999818e-01 4.186837040379999819e-01 4.498732942670000123e-01 4.828809149159999925e-01 5.146064774649999896e-01 5.531096289139999511e-01 5.909202009109999487e-01 6.324308280639999724e-01
9.073126766460000436e-02 1.223310480289999946e-01 1.469245062489999976e-01 1.613612548989999951e-01 1.765908793729999982e-01 2.002051597279999873e-01 2.217597014840000103e-01 2.275192264489999949e-01 2.430002015399999882e-01 2.632260080020000226e-01 2.820854361230000218e-01 3.086272083630000052e-01 3.343878367029999854e-01 3.615200207440000257e-01 3.881870844190000169e-01 4.192070787800000198e-01 4.489411171720000260e-01 4.819649540350000039e-01 5.171770891639999590e-01 5.536313125180000183e-01 5.905517144559999654e-01 6.324308280639999724e-01
9.073126766460000436e-02 1.223310480289999946e-01 1.469245062489999976e-01 1.593386595609999901e-01 1.805061824120000047e-01 1.957116017609999981e-01 2.202262024699999932e-01 2.270764881179999917e-01 2.430374678299999924e-01 2.602643945600000008e-01 2.847661935479999795e-01 3.090083867869999890e-01 3.337976371079999782e-01 3.586041767059999774e-01 3.879086630570000027e-01 4.178245812210000243e-01 4.484790174139999808e-01 4.806123065940000050e-01 5.177310713620000282e-01 5.523137783789999755e-01 5.918823324509999706e-01 6.324308280639999724e-01
9.073126766460000436e-02 1.223310480289999946e-01 1.469245062489999976e-01 1.593386595609999901e-01 1.805061824120000047e-01 1.980644209509999920e-01 2.187965950440000085e-01 2.272850968039999975e-01 2.397072554670000022e-01 2.607518492859999815e-01 2.832794191190000088e-01 3.097347576369999800e-01 3.329501568670000244e-01 3.596725064999999888e-01 3.869076126550000105e-01 4.185770634439999749e-01 4.498329036379999923e-01 4.840528455959999810e-01 5.163788931960000550e-01 5.536127268610000485e-01 5.908931125530000328e-01 6.324308280639999724e-01
9.073126766460000436e-02 1.223310480289999946e-01 1.469245062489999976e-01 1.593386595609999901e-01 1.828713180679999994e-01 1.957675237020000125e-01 2.148435784259999926e-01 2.272850968039999975e-01 2.420194554160000067e-01 2.630141202319999927e-01 2.845033933030000073e-01 3.088339211819999819e-01 3.312754409790000243e-01 3.623783341749999831e-01 3.874449124159999869e-01 4.194996947919999997e-01 4.488090975130000215e-01 4.822676266820000168e-01 5.157474986719999821e-01 5.520822283130000230e-01 5.913344619320000106e-01 6.324308280639999724e-01
9.073126766460000436e-02 1.223310480289999946e-01 1.515883820950000016e-01 1.616338084810000075e-01 1.828713180679999994e-01 2.009394893529999893e-01 2.189649474969999898e-01 2.276164722450000066e-01 2.415426404340000055e-01 2.606639153900000005e-01 2.838001788689999971e-01 3.064963761769999850e-01 3.335134561240000184e-01 3.590543664399999946e-01 3.883798477920000214e-01 4.162519195309999920e-01 4.491523892229999926e-01 4.829579297400000137e-01 5.157968036840000492e-01 5.542387640300000529e-01 5.916249082440000473e-01 6.324308280639999724e-01
9.073126766460000436e-02 1.223310480289999946e-01 1.515883820950000016e-01 1.616338084810000075e-01 1.818064836770000026e-01 1.951933381850000093e-01 2.188739517699999915e-01 2.256252015419999979e-01 2.418195185279999881e-01 2.615293472740000125e-01 2.851557498469999841e-01 3.073542181219999780e-01 3.325214474439999734e-01 3.602584316549999888e-01 3.875885003599999767e-01 4.192047013849999892e-01 4.483929496469999942e-01 4.848103416749999783e-01 5.178232433060000472e-01 5.530913262909999961e-01 5.909231873820000036e-01 6.324308280639999724e-01
9.073126766460000436e-02 1.223310480289999946e-01 1.515883820950000016e-01 1.616338084810000075e-01 1.818064836770000026e-01 2.000398352130000057e-01 2.177636558209999906e-01 2.249241273120000106e-01 2.411701674939999984e-01 2.614057103770000001e-01 2.826687622310000148e-01 3.098351812480000245e-01 3.304383726519999898e-01 3.631134321230000128e-01 3.863225157199999815e-01 4.186137464079999759e-01 4.505366002960000116e-01 4.832354711180000262e-01 5.178157262879999889e-01 5.528969839870000458e-01 5.912368256179999504e-01 6.324308280639999724e-01
9.073126766460000436e-02 1.217363060019999998e-01 1.515883820950000016e-01 1.623522081830000019e-01 1.813778535649999968e-01 2.000321258930000123e-01 2.182936076420000093e-01 2.284401125930000109e-01 2.393217464459999888e-01 2.614488394889999956e-01 2.843258408889999811e-01 3.070030668170000143e-01 3.328509077330000232e-01 3.595852826859999851e-01 3.901186922579999994e-01 4.191612533090000037e-01 4.495882652700000093e-01 4.819970149319999786e-01 5.184100624190000062e-01 5.523074571330000015e-01 5.902760873340000547e-01 6.324308280639999724e-01
9.073126766460000436e-02 1.217363060019999998e-01 1.515883820950000016e-01 1.623522081830000019e-01 1.813778535649999968e-01 2.005669751370000031e-01 2.199048510140000079e-01 2.231021205550000053e-01 2.419039648019999933e-01 2.609109017660000140e-01 2.841392059619999855e-01 3.065428958649999980e-01 3.348920503089999889e-01 3.622529356520000077e-01 3.876869740269999753e-01 4.177578307490000253e-01 4.488791499670000129e-01 4.823376245809999907e-01 5.186912408910000494e-01 5.531587886929999476e-01 5.918152972669999956e-01 6.324308280639999724e-01
9.073126766460000436e-02 1.217363060019999998e-01 1.456217869330000136e-01 1.623522081830000019e-01 1.813778535649999968e-01 2.026807504729999931e-01 2.202596932189999912e-01 2.278527072880000004e-01 2.430247524530000092e-01 2.626554710960000150e-01 2.840858104999999800e-01 3.067741814309999926e-01 3.327019663649999903e-01 3.598960141090000175e-01 3.894169198190000070e-01 4.204896576719999723e-01 4.483215466509999914e-01 4.828901307530000242e-01 5.168887246109999944e-01 5.535826077440000326e-01 5.905807795749999922e-01 6.324308280639999724e-01
9.073126766460000436e-02 1.217363060019999998e-01 1.456217869330000136e-01 1.599924640969999923e-01 1.813443123000000046e-01 1.977774600749999945e-01 2.193798316189999875e-01 2.274201569300000059e-01 2.412132427689999969e-01 2.607720766389999834e-01 2.866219499500000101e-01 3.096075269340000102e-01 3.326922763040000008e-01 3.587726791940000215e-01 3.877061764829999868e-01 4.185862617980000144e-01 4.499064867040000193e-01 4.832202227860000199e-01 5.171963978879999813e-01 5.520257020180000529e-01 5.910115923309999797e-01 6.324308280639999724e-01
9.073126766460000436e-02 1.217363060019999998e-01 1.456217869330000136e-01 1.599924640969999923e-01 1.813443123000000046e-01 2.002389545619999989e-01 2.188896284600000131e-01 2.228621229159999939e-01 2.407484732890000090e-01 2.610302892829999832e-01 2.838665649109999856e-01 3.097545663480000266e-01 3.360666224170000271e-01 3.607499143990000046e-01 3.874995384589999814e-01 4.192426047689999935e-01 4.469207390300000138e-01 4.830958130479999779e-01 5.180140281649999734e-01 5.530402528579999588e-01 5.915968299560000476e-01 6.324308280639999724e-01
9.073126766460000436e-02 1.217363060019999998e-01 1.456217869330000136e-01 1.599924640969999923e-01 1.807280618000000061e-01 2.003138182249999955e-01 2.198912187769999915e-01 2.234529513150000091e-01 2.398062237380000072e-01 2.602846674979999997e-01 2.845367404540000145e-01 3.089737883900000037e-01 3.343815841209999973e-01 3.597569279119999797e-01 3.870004431810000201e-01 4.204739173209999792e-01 4.507447777570000036e-01 4.829963330100000007e-01 5.183824959539999888e-01 5.538645140610000128e-01 5.909098523669999992e-01 6.324308280639999724e-01
9.073126766460000436e-02 1.217363060019999998e-01 1.483389596290000112e-01 1.643768705679999886e-01 1.807280618000000061e-01 2.005746575079999927e-01 2.188781297479999999e-01 2.251731006169999938e-01 2.397595836560000027e-01 2.628344873410000115e-01 2.860734239080000019e-01 3.068800578079999841e-01 3.348137906779999895e-01 3.609104439320000024e-01 3.902602693219999752e-01 4.196192787249999889e-01 4.484965816520000148e-01 4.817806228070000141e-01 5.165388659509999592e-01 5.528033981109999884e-01 5.910867032529999454e-01 6.324308280639999724e-01
1.183038404419999995e-01 1.145544160660000033e-01 1.391614305539999874e-01 1.656771347859999910e-01 1.809816448799999866e-01 2.042581286909999905e-01 2.196227703989999946e-01 2.271620473310000110e-01 2.383112208179999914e-01 2.624792286739999758e-01 2.851484365549999955e-01 3.081678076420000245e-01 3.349765334870000166e-01 3.615433552639999992e-01 3.894721354780000255e-01 4.180125529959999864e-01 4.480729660380000090e-01 4.820716360539999967e-01 5.187492680459999672e-01 5.541147508599999494e-01 5.907317483399999736e-01 6.324308280639999724e-01
