4.612253668636754345e-01 3.621515075059920097e-01 2.930837643496915224e-01 2.520320844371561897e-01 2.110855304654984943e-01 1.778825532988531077e-01 1.467169168664065326e-01 1.134445565787809418e-01 7.885155165888796391e-02 4.323444486494854022e-02 2.298257786512514222e-02 0.000000000000000000e+00
4.438806806448170050e-01 3.534155418190989550e-01 2.928156932004545299e-01 2.508336487111565427e-01 2.136795130566423451e-01 1.785070013876632888e-01 1.471637021151345204e-01 1.121650236983903204e-01 7.924971615996007079e-02 4.458005690817656852e-02 2.405818222862665667e-02 0.000000000000000000e+00
4.530260606511238297e-01 3.486848744796264832e-01 2.938091333417446327e-01 2.484683150414199737e-01 2.154298599722476171e-01 1.771130314116315940e-01 1.451242588621172169e-01 1.127327037791270303e-01 7.848098271729608832e-02 4.267377318027054667e-02 2.387891483470966358e-02 0.000000000000000000e+00
4.501878392698566156e-01 3.558439510533617511e-01 2.951179513056647608e-01 2.512751776628402434e-01 2.128437618266685316e-01 1.768165762583579492e-01 1.461702619738451947e-01 1.128723711005780173e-01 7.857165384130249119e-02 4.367597381663296252e-02 2.344070564957945191e-02 0.000000000000000000e+00
4.397810275385412027e-01 3.604484672637818798e-01 2.928945376561125080e-01 2.518428577435771754e-01 2.150671754762211174e-01 1.764444304276530096e-01 1.470480635801696412e-01 1.121605183009239948e-01 7.990412514192080096e-02 4.331504141962166932e-02 2.366976954180649573e-02 0.000000000000000000e+00
4.533414185823760878e-01 3.543616752869939157e-01 2.939195155796654468e-01 2.491726588452971569e-01 2.150435221395237129e-01 1.791756023716419843e-01 1.448141373365298135e-01 1.137509236064798701e-01 7.937192506622980925e-02 4.381263753977332476e-02 2.359009514451027023e-02 0.000000000000000000e+00
4.678478834199668590e-01 3.566008578276774754e-01 2.933518354989284038e-01 2.495826500147180216e-01 2.138056641856947993e-01 1.773968714520005596e-01 1.479311214835380417e-01 1.139401503000591065e-01 7.948624952693394974e-02 4.356734367772685523e-02 2.359341491106392574e-02 0.000000000000000000e+00
4.577564296199037042e-01 3.547716664564146694e-01 2.972467516084275063e-01 2.475116689794374381e-01 2.141525797905896589e-01 1.780907026617896127e-01 1.444672217316352869e-01 1.153233073221718308e-01 7.973855178503880259e-02 4.276488232903069564e-02 2.347722308167354832e-02 0.000000000000000000e+00
4.520799868573682767e-01 3.568216223035192147e-01 2.973571338463484315e-01 2.485208780118584038e-01 2.100526680963797910e-01 1.786457676296210328e-01 1.445145284050298740e-01 1.153188019247052276e-01 7.907625835751308507e-02 4.203951333697830695e-02 2.322824059012240649e-02 0.000000000000000000e+00
4.464035440948328493e-01 3.589031159328874843e-01 2.976882805601114290e-01 2.493934233211390072e-01 2.119291661410376282e-01 1.774284092342633401e-01 1.456551448635471369e-01 1.105160482257742105e-01 7.920240948656553925e-02 4.354631848955115014e-02 2.384571716916938922e-02 0.000000000000000000e+00
4.306356475322343780e-01 3.577046802068877263e-01 2.914280307808760906e-01 2.519584962785422766e-01 2.125993440141296098e-01 1.789548378957996899e-01 1.468746057777226000e-01 1.151070482437958065e-01 8.010912072663106676e-02 4.282445369552834169e-02 2.243149661715859722e-02 0.000000000000000000e+00
4.612253668636755455e-01 3.483064210924686765e-01 2.939983600353228699e-01 2.472488541272446216e-01 2.136322063832477580e-01 1.770814936293685360e-01 1.462385938354154313e-01 1.130796193840220010e-01 7.941134729405874282e-02 4.267026898224124398e-02 2.389219390092539586e-02 0.000000000000000000e+00
4.413578171948011608e-01 3.562854800050458959e-01 2.932887599344018437e-01 2.484262646650692297e-01 2.136006686009845890e-01 1.752270720322951503e-01 1.454396366847490185e-01 1.120163455820066822e-01 7.996720070644680600e-02 4.266676478421227436e-02 2.342410681680923146e-02 0.000000000000000000e+00
4.467189020260848853e-01 3.575785290778348280e-01 2.988867162861109650e-01 2.516956814263491271e-01 2.127412640343135930e-01 1.746089314999374476e-01 1.463594886674242646e-01 1.158143956459832813e-01 7.998691182036132830e-02 4.306624335954506444e-02 2.403162409619435946e-02 0.000000000000000000e+00
4.577564296199038152e-01 3.531632395609940467e-01 2.960483158824276373e-01 2.508651864934193787e-01 2.139948908792740356e-01 1.777753248391577556e-01 1.457129641310298540e-01 1.152962749373745432e-01 8.071228081241388352e-02 4.394229286685524816e-02 2.414117639247687075e-02 0.000000000000000000e+00
4.470342599573365883e-01 3.571370001261509053e-01 3.003374542702164085e-01 2.545656196122959569e-01 2.115270594171823060e-01 1.799325091459574866e-01 1.454080989024859050e-01 1.144853033934647435e-01 7.943500063075614737e-02 4.300667199304836208e-02 2.415777522524681364e-02 0.000000000000000000e+00
4.492417654761003964e-01 3.562539422227829489e-01 2.933045288255337057e-01 2.498875152432618041e-01 2.149646776838660678e-01 1.784754636054000088e-01 1.436104453134864345e-01 1.128273171259165930e-01 8.012883184054575558e-02 4.258616822953953385e-02 2.387891483470960807e-02 0.000000000000000000e+00
4.486110496135965464e-01 3.555916487952565097e-01 2.902138261637443595e-01 2.512751776628405764e-01 2.134666330263661482e-01 1.794215970732941923e-01 1.465592279550907984e-01 1.126471012272700634e-01 8.015248517724282706e-02 4.399485583729367821e-02 2.396522876511392175e-02 0.000000000000000000e+00
4.495571234073525435e-01 3.519963416172569026e-01 2.912861107606921074e-01 2.527679660232960979e-01 2.118897439132084726e-01 1.794089819603894576e-01 1.466170472225734600e-01 1.139086125177958819e-01 7.866626718809210939e-02 4.311880632998382756e-02 2.361665327694228989e-02 0.000000000000000000e+00
4.536567765136280128e-01 3.599123249653081169e-01 2.945975778983228599e-01 2.479426853370336747e-01 2.136952819477739851e-01 1.776744039359159366e-01 1.470690887683453463e-01 1.121965614806536005e-01 7.817348934023016227e-02 4.332555401370907777e-02 2.323488012323038365e-02 0.000000000000000000e+00
4.684785992824709311e-01 3.521224927463098009e-01 2.950548757411383116e-01 2.483947268828058386e-01 2.116689794373662892e-01 1.791629872587364725e-01 1.489666120011780004e-01 1.130886301789543191e-01 7.939557840292754687e-02 4.240745413004842757e-02 2.390547296714146119e-02 0.000000000000000000e+00
4.325277951197460391e-01 3.571370001261509053e-01 2.992020941087429886e-01 2.508756990875071757e-01 2.138845086413527774e-01 1.784376182666843613e-01 1.462017997561082527e-01 1.136608156571567996e-01 7.815772044909846672e-02 4.374956197524693113e-02 2.376272300531884207e-02 0.000000000000000000e+00
4.372581640885256915e-01 3.520909549640468539e-01 2.921060930995338367e-01 2.506654472057525673e-01 2.104863126024982822e-01 1.753721458307059278e-01 1.458496278541698832e-01 1.132553298852020385e-01 7.986076069130898514e-02 4.390725088656299846e-02 2.341082775059333265e-02 0.000000000000000000e+00
4.486110496135966574e-01 3.578939069004665186e-01 2.943768134224806765e-01 2.475432067617004961e-01 2.099186325217614613e-01 1.794089819603892355e-01 1.446406795340825502e-01 1.116514083872478524e-01 8.123265421975578437e-02 4.255112624924717313e-02 2.317180455870415656e-02 0.000000000000000000e+00
4.561796399636440791e-01 3.582092847230982091e-01 2.942822000756910583e-01 2.513277406332791175e-01 2.133325974517474855e-01 1.766967326857581400e-01 1.439521046213370070e-01 1.149268323451489993e-01 7.950596064084830550e-02 4.373554518312994244e-02 2.343074634991731964e-02 0.000000000000000000e+00
4.637482303136912787e-01 3.536363062949411384e-01 2.984924940078219624e-01 2.498244396787356880e-01 2.120632017156560689e-01 1.817806231865782829e-01 1.465276901728276293e-01 1.139806988772548157e-01 7.999873848871003057e-02 4.360939405407737723e-02 2.439347865058216769e-02 0.000000000000000000e+00
4.432499647823131550e-01 3.549924309322566307e-01 2.932729910432705367e-01 2.513697910096298616e-01 2.156585088936546768e-01 1.793143686135998394e-01 1.441360750178722894e-01 1.138996017228635638e-01 7.940740507127574954e-02 4.350426811320012854e-02 2.395526946545178948e-02 0.000000000000000000e+00
4.615407247949275815e-01 3.564431689163618522e-01 2.926737731802707687e-01 2.488467684285775583e-01 2.137662419578661988e-01 1.800775829443679310e-01 1.438364660863719058e-01 1.133859864117211513e-01 7.862684496026306480e-02 4.426467908554510000e-02 2.291618253404509309e-02 0.000000000000000000e+00
4.435653227135651910e-01 3.544878264160462589e-01 2.923268575753757981e-01 2.491516336571216739e-01 2.109830326731431116e-01 1.778320928472318374e-01 1.472267776796606920e-01 1.123812827767661227e-01 7.836665825659205886e-02 4.315735250830560199e-02 2.326475802221655842e-02 0.000000000000000000e+00
4.511339130636125017e-01 3.571370001261512384e-01 2.920430175350074986e-01 2.510228754047352240e-01 2.130566418569451725e-01 1.793774441781256224e-01 1.466643538959679915e-01 1.155891257726754384e-01 7.983316513182869834e-02 4.376708296539327803e-02 2.306889179552945590e-02 0.000000000000000000e+00
4.590178613449118483e-01 3.562539422227830599e-01 2.963636937050592168e-01 2.513697910096296395e-01 2.102892014633533924e-01 1.793269837265053512e-01 1.445723476725120360e-01 1.121740344933225275e-01 7.866626718809183183e-02 4.238292474384375286e-02 2.412457755970670581e-02 0.000000000000000000e+00
4.587025034136595902e-01 3.559701021824144274e-01 2.969944493503224869e-01 2.516326058618227890e-01 2.149252554560371342e-01 1.798442033556209019e-01 1.456551448635472479e-01 1.140753122240441564e-01 8.007758294436784219e-02 4.241446252610675538e-02 2.296597903235519933e-02 0.000000000000000000e+00
4.536567765136283459e-01 3.514601993187840279e-01 2.985555695723483005e-01 2.532305201631560587e-01 2.127570329254451220e-01 1.774977923552420456e-01 1.451032336739418449e-01 1.144582710086682331e-01 7.862290273748023806e-02 4.351478070728798109e-02 2.399178689754605243e-02 0.000000000000000000e+00
4.312663633947382280e-01 3.563170177873089539e-01 3.004636053992688627e-01 2.483526765064553166e-01 2.131276018670371641e-01 1.775293301375056032e-01 1.471479332240031024e-01 1.137193858242173672e-01 7.997114292922991030e-02 4.411399857028774907e-02 2.326807778877060251e-02 0.000000000000000000e+00
4.397810275385414247e-01 3.575154535133088229e-01 2.916330263655866339e-01 2.499716159959636252e-01 2.138450864135241769e-01 1.777437870568949752e-01 1.469744754215556171e-01 1.123497449945027871e-01 8.021950296455249152e-02 4.292957963640503527e-02 2.446983328132440461e-02 0.000000000000000000e+00
4.416731751260530858e-01 3.483064210924686765e-01 2.920114797527441075e-01 2.474275682267360610e-01 2.144127664942609979e-01 1.775419452504108930e-01 1.485461082376692832e-01 1.134670835661117927e-01 7.905260502081534746e-02 4.445390577912428087e-02 2.363657187626649891e-02 0.000000000000000000e+00
4.744703999762579505e-01 3.488741011732051645e-01 2.964995948651971691e-01 2.473539800681217038e-01 2.115349438627480705e-01 1.786079222909052744e-01 1.442727387410123741e-01 1.118766782605556953e-01 7.909202724864472511e-02 4.373554518312999795e-02 2.334111265295907289e-02 0.000000000000000000e+00
4.476649758198405493e-01 3.550555064967830798e-01 2.894884571716920263e-01 2.527679660232962089e-01 2.122918506370635727e-01 1.793395988394103080e-01 1.472530591648802401e-01 1.114937194759320072e-01 7.954932509146012132e-02 4.435578823430513795e-02 2.412789732626069439e-02 0.000000000000000000e+00
4.706861048012345172e-01 3.575785290778350500e-01 2.955279424750854034e-01 2.515485051091210789e-01 2.138529708590897194e-01 1.799135864765997184e-01 1.452451536941263832e-01 1.141338823911041134e-01 7.862290273748007152e-02 4.283146209158661399e-02 2.364985094248239772e-02 0.000000000000000000e+00
4.637482303136912787e-01 3.582408225053612671e-01 2.937460577772177395e-01 2.518008073672262093e-01 2.113299482780375271e-01 1.800965056137255882e-01 1.462070560531524288e-01 1.133003838598636848e-01 8.036930743030207269e-02 4.310478953786700540e-02 2.366976954180644022e-02 0.000000000000000000e+00
4.722628944574941423e-01 3.590923426264662766e-01 2.925476220512177594e-01 2.525156637651913005e-01 2.118187839031164810e-01 1.803298852024733945e-01 1.453765611202226804e-01 1.143140982897510316e-01 7.973460956225586482e-02 4.399485583729378924e-02 2.333115335329710716e-02 0.000000000000000000e+00
4.482956916823448434e-01 3.544878264160462589e-01 2.946291156805860290e-01 2.544815188595940247e-01 2.098792102939328608e-01 1.801911189605153174e-01 1.466065346284853299e-01 1.138545477482020840e-01 7.898558723350629363e-02 4.421562031313575059e-02 2.377600207153479639e-02 0.000000000000000000e+00
4.419885330573052329e-01 3.582723602876245472e-01 2.976725116689801220e-01 2.471962911568059695e-01 2.098949791850641677e-01 1.782168537908421779e-01 1.447720869601790694e-01 1.141068500063071034e-01 8.023527185568357645e-02 4.364794023239915166e-02 2.405154269551840196e-02 0.000000000000000000e+00
4.322124371884938920e-01 3.609215339977291936e-01 2.993124763466636917e-01 2.480478112779113120e-01 2.145152642866162696e-01 1.780023968714525839e-01 1.483200874647833678e-01 1.132282975004049730e-01 7.891068500063158631e-02 4.296812581472664316e-02 2.383243810295332388e-02 0.000000000000000000e+00
4.561796399636437460e-01 3.501986880282579317e-01 2.964267692695854439e-01 2.511174887515247311e-01 2.142787309196420020e-01 1.780402422101683424e-01 1.459547537950471319e-01 1.123272180071723247e-01 7.933644506118375794e-02 4.409647758014162422e-02 2.369632767423851538e-02 0.000000000000000000e+00
4.432499647823132660e-01 3.523432572221520953e-01 2.960798536646909174e-01 2.480583238719989980e-01 2.126151129052611388e-01 1.784628484924944969e-01 1.450979773768977799e-01 1.154990178233518128e-01 8.021556074176949824e-02 4.348324292502481203e-02 2.366313000869824101e-02 0.000000000000000000e+00
4.441960385760688190e-01 3.536047685126780804e-01 2.946764223539806160e-01 2.468809133341748341e-01 2.139475842058791155e-01 1.790809890248524772e-01 1.433844245405999640e-01 1.106467047522928793e-01 7.965182288381533748e-02 4.318188189451011016e-02 2.360005444417218046e-02 0.000000000000000000e+00
4.577564296199039262e-01 3.566639333922039246e-01 3.002901475968215994e-01 2.491831714393845099e-01 2.118345527942480100e-01 1.787719187586737091e-01 1.438049283041089588e-01 1.132733514750667858e-01 7.812618266683529766e-02 4.398083904517702258e-02 2.398182759788380913e-02 0.000000000000000000e+00
4.457728282323288882e-01 3.545509019805728190e-01 2.973255960640854845e-01 2.471227029981917234e-01 2.121026239434851135e-01 1.781916235650318203e-01 1.471794710062663825e-01 1.115387734505935979e-01 7.911568058534201864e-02 4.430322526386665238e-02 2.366644977525250715e-02 0.000000000000000000e+00
4.479803337510928074e-01 3.555601110129936737e-01 2.965844581809014002e-01 2.519374710903665715e-01 2.125362684496031607e-01 1.767282704680215866e-01 1.464541020142136052e-01 1.130976409738864152e-01 7.930884950170352665e-02 4.285248727976198602e-02 2.388887413437168483e-02 0.000000000000000000e+00
4.605946510011718065e-01 3.557177999243092970e-01 2.969944493503221539e-01 2.503395567890334128e-01 2.118108994575507165e-01 1.782988520247263953e-01 1.473581851057572112e-01 1.138860855304650310e-01 7.882789832219072590e-02 4.354631848955098361e-02 2.411129849349064047e-02 0.000000000000000000e+00
4.479803337510928074e-01 3.569477734325718910e-01 2.914911063454025397e-01 2.506444220175771953e-01 2.133168285606159564e-01 1.780907026617897237e-01 1.477786888692662615e-01 1.134896105534428656e-01 8.007364072158507096e-02 4.418408253087247051e-02 2.319504292458240968e-02 0.000000000000000000e+00
4.577564296199037042e-01 3.541093730288885633e-01 2.944556578781387657e-01 2.501082797191036544e-01 2.120553172700903044e-01 1.803803456540945538e-01 1.478838148101428995e-01 1.131472003460139986e-01 8.062555191119014086e-02 4.289103345808353840e-02 2.323488012323049468e-02 0.000000000000000000e+00
4.514492709948645377e-01 3.537309196417306456e-01 2.953071779992438861e-01 2.513697910096300836e-01 2.118818594676428191e-01 1.766778100164002607e-01 1.459705226861784388e-01 1.141248715961720728e-01 8.048363189100582460e-02 4.381614173780257193e-02 2.284978720296448884e-02 0.000000000000000000e+00
4.520799868573682767e-01 3.618676674656237102e-01 2.937933644506125486e-01 2.480688364660865730e-01 2.133799041251427386e-01 1.773779487826423473e-01 1.422858584584342223e-01 1.126200688424726648e-01 8.078718304528897942e-02 4.322743646889026792e-02 2.352038004687595496e-02 0.000000000000000000e+00
4.697400310074787422e-01 3.546455153273619931e-01 2.924214709221653052e-01 2.466496362642447426e-01 2.129147218367613004e-01 1.794531348555578054e-01 1.469955006097308781e-01 1.132688460776005157e-01 7.935221395231550900e-02 4.374255357918865883e-02 2.306557202897552283e-02 0.000000000000000000e+00
4.833004220513130722e-01 3.487164122618896522e-01 2.922322442285865129e-01 2.483211387241921475e-01 2.121656995080112296e-01 1.788728396619154726e-01 1.463437197762926245e-01 1.123497449945031201e-01 8.018402295950599612e-02 4.475877100766778582e-02 2.450303094686467897e-02 0.000000000000000000e+00
4.618560827261793955e-01 3.547401286741516113e-01 2.912072663050341292e-01 2.512015895042263303e-01 2.116610949918007467e-01 1.775356376939581926e-01 1.459810352802665134e-01 1.127552307664575482e-01 7.919452504099977475e-02 4.347623452896631768e-02 2.348054284822753690e-02 0.000000000000000000e+00
4.587025034136595902e-01 3.581462091585717600e-01 2.981140406206643778e-01 2.477534586434553265e-01 2.141525797905896589e-01 1.787593036457683082e-01 1.459179597157399533e-01 1.129399520625704589e-01 8.089756528320990459e-02 4.234087436749278677e-02 2.273691514012798898e-02 0.000000000000000000e+00
4.527107027198719047e-01 3.513971237542576898e-01 2.980509650561377066e-01 2.467442496110341388e-01 2.149883310205634723e-01 1.771887220890633885e-01 1.470322946890381677e-01 1.132913730649318662e-01 7.876876498044727004e-02 4.373554518312994244e-02 2.418433335767888881e-02 0.000000000000000000e+00
4.609100089324233984e-01 3.474233631891003871e-01 2.929733821117704862e-01 2.513067154451031904e-01 2.113062949413400116e-01 1.783808502586106126e-01 1.464173079349061490e-01 1.132328028978712986e-01 7.978980068121660496e-02 4.373554518313005346e-02 2.334775218606732761e-02 0.000000000000000000e+00
4.445113965073210771e-01 3.459095496404691605e-01 2.976567427778487041e-01 2.518638829317525474e-01 2.136322063832477580e-01 1.796991295572101244e-01 1.467011479752750036e-01 1.135211483357053686e-01 7.931279172448646442e-02 4.359888145998969122e-02 2.333447311985098471e-02 0.000000000000000000e+00
4.530260606511241628e-01 3.516494260123622650e-01 2.969471426769274558e-01 2.500452041545770943e-01 2.109041882174853555e-01 1.802920398637576360e-01 1.470165257979069162e-01 1.129174250752394970e-01 7.871751608426968971e-02 4.331153722159242214e-02 2.362329281005032255e-02 0.000000000000000000e+00
4.694246730762264841e-01 3.519017282704678395e-01 2.937933644506127706e-01 2.482896009419287564e-01 2.143260375930369221e-01 1.780907026617897237e-01 1.454711744670120765e-01 1.132102759105405032e-01 7.871751608426946767e-02 4.436630082839304601e-02 2.346726378201158258e-02 0.000000000000000000e+00
4.691093151449747811e-01 3.499463857701524683e-01 2.936199066481651743e-01 2.495721374206303356e-01 2.140343131071029692e-01 1.768796518228846204e-01 1.469481939363364575e-01 1.127281983816608157e-01 7.936009839788160658e-02 4.270180676450457957e-02 2.351374051376797780e-02 0.000000000000000000e+00
4.486110496135964354e-01 3.502933013750472169e-01 2.888261637441661422e-01 2.493618855388755051e-01 2.114797527437876079e-01 1.773653336697370575e-01 1.459915478743539774e-01 1.135526861179685931e-01 7.974643623060473363e-02 4.495851029533443066e-02 2.364321140937425403e-02 0.000000000000000000e+00
4.583871454824079983e-01 3.558439510533617511e-01 2.963636937050591058e-01 2.506444220175774173e-01 2.136243219376815494e-01 1.792386779361681004e-01 1.449402884655821566e-01 1.124849069184882255e-01 7.996325848366403477e-02 4.320991547874397654e-02 2.339422891782333425e-02 0.000000000000000000e+00
4.470342599573366993e-01 3.608584584332028555e-01 2.935095244102439160e-01 2.459242672721926315e-01 2.110539926832347701e-01 1.809038728396628049e-01 1.458811656364330522e-01 1.127372091765932449e-01 7.916298725873671671e-02 4.412100696634668751e-02 2.379924043741310502e-02 0.000000000000000000e+00
4.404117434010452747e-01 3.565693200454141953e-01 2.980509650561378177e-01 2.486995921113497321e-01 2.118582061309454145e-01 1.792891383877892597e-01 1.463594886674243201e-01 1.128318225233825300e-01 7.945076952188756536e-02 4.430672946189573302e-02 2.417437405801686756e-02 0.000000000000000000e+00
4.438806806448170050e-01 3.537624574239938147e-01 2.967421470922172455e-01 2.454932509145959507e-01 2.124258862116822355e-01 1.788286867667471247e-01 1.438627475715913429e-01 1.135031267458409543e-01 7.913933392203920114e-02 4.351127650925878942e-02 2.318840339147432150e-02 0.000000000000000000e+00
4.687939572137227451e-01 3.583038980698878273e-01 2.947394979185067321e-01 2.522738741011730790e-01 2.161079222909054742e-01 1.782925444682740279e-01 1.437944157100212728e-01 1.142555281226906305e-01 7.873328497540099669e-02 4.420510771904773151e-02 2.390547296714184977e-02 0.000000000000000000e+00
4.602792930699193263e-01 3.538570707707828777e-01 2.950548757411386447e-01 2.519164459021911995e-01 2.131906774315636133e-01 1.776365585972002337e-01 1.472898532441871411e-01 1.128948980879090902e-01 7.901318279298646940e-02 4.293308383443456000e-02 2.413121709281479399e-02 0.000000000000000000e+00
4.605946510011713624e-01 3.486533366973635362e-01 2.923899331399022472e-01 2.472803919095081238e-01 2.118030150119847299e-01 1.782420840166526466e-01 1.450138766241966248e-01 1.120253563769390559e-01 8.020767629620373373e-02 4.333256240976757212e-02 2.355025794586190768e-02 0.000000000000000000e+00
4.243284889071948784e-01 3.573262268197298086e-01 3.008105210041635003e-01 2.498770026491738960e-01 2.132537529960900624e-01 1.768607291535264636e-01 1.448667003069684656e-01 1.141158608012394216e-01 7.981345401791417604e-02 4.309778114180834452e-02 2.393203109957392494e-02 0.000000000000000000e+00
4.574410716886516681e-01 3.548032042386776164e-01 2.991074807619534814e-01 2.508546738993318037e-01 2.127806862621427486e-01 1.787466885328627964e-01 1.468693494806782018e-01 1.128453387157811738e-01 8.059401412892669425e-02 4.326598264721193132e-02 2.378596137119703968e-02 0.000000000000000000e+00
4.470342599573365883e-01 3.558754888356251422e-01 2.921691686640603969e-01 2.534933350153486531e-01 2.116374416551032311e-01 1.785826920650946947e-01 1.454448929817928060e-01 1.118676674656232661e-01 7.929702283335482438e-02 4.340615056838137420e-02 2.388887413437157381e-02 0.000000000000000000e+00
4.542874923761320849e-01 3.592184937555189528e-01 2.943925823136123165e-01 2.486680543290865630e-01 2.139239308691818220e-01 1.784060804844211923e-01 1.461176990034065426e-01 1.147240894591713412e-01 8.176485429544622097e-02 4.360238565801899391e-02 2.345730448234939480e-02 0.000000000000000000e+00
4.542874923761319739e-01 3.601015516588872423e-01 2.932729910432705367e-01 2.519690088726298516e-01 2.126781884697874769e-01 1.821653841301881238e-01 1.464488457171698177e-01 1.142510227252243604e-01 8.176091207266361627e-02 4.287701666596660521e-02 2.366644977525256266e-02 0.000000000000000000e+00
4.643789461761950177e-01 3.547716664564146694e-01 2.919326352970864624e-01 2.523369496656998612e-01 2.152090954964053227e-01 1.786142298473580858e-01 1.466696101930118346e-01 1.109936203571876279e-01 8.109861864513767671e-02 4.314333571618877983e-02 2.350378121410579002e-02 0.000000000000000000e+00
4.523953447886202017e-01 3.522171060930991970e-01 2.961586981203486735e-01 2.492462470039114031e-01 2.107149615239061191e-01 1.802289642992309648e-01 1.447931121483542749e-01 1.113855899367437452e-01 8.008152516715116853e-02 4.327649524129961733e-02 2.391875203335791511e-02 0.000000000000000000e+00
4.394656696072893887e-01 3.566323956099408665e-01 2.901349817080870475e-01 2.485839535763849639e-01 2.128122240444061397e-01 1.796675917749470663e-01 1.457234767251174290e-01 1.142825605074876960e-01 8.018008073672300284e-02 4.429621686780826906e-02 2.388555436781730767e-02 0.000000000000000000e+00
4.568103558261477071e-01 3.589977292796769914e-01 2.933676043900599328e-01 2.486365165468231719e-01 2.133483663428791255e-01 1.767219629115688306e-01 1.474265169673273923e-01 1.127462199715256186e-01 8.141793869055197197e-02 4.261069761574426407e-02 2.323156035667650610e-02 0.000000000000000000e+00
4.460881861635807022e-01 3.600069383120979571e-01 2.918537908414289284e-01 2.500767419368402633e-01 2.117320550018927383e-01 1.773968714520002266e-01 1.458653967453015232e-01 1.135571915154349742e-01 7.869386274757195210e-02 4.440835120474379005e-02 2.283982790330263413e-02 0.000000000000000000e+00
4.530260606511242738e-01 3.544247508515200318e-01 2.981613472940590759e-01 2.525892519238048806e-01 2.145231487321819230e-01 1.760975148227582054e-01 1.460125730625292384e-01 1.135481807205028781e-01 7.980951179513118277e-02 4.354982268758045283e-02 2.361333351038841233e-02 0.000000000000000000e+00
4.236977730446909174e-01 3.559385644001512583e-01 2.942348934022966933e-01 2.485734409822971669e-01 2.129226062823267318e-01 1.758830579033690555e-01 1.468746057777226000e-01 1.143186036872169686e-01 7.878847609436168131e-02 4.402989781758609444e-02 2.379260090430501684e-02 0.000000000000000000e+00
4.501878392698562825e-01 3.512078970606785644e-01 2.944083512047442897e-01 2.485313906059458677e-01 2.126545351330899614e-01 1.787403809764103180e-01 1.436419830957495480e-01 1.128498441132473884e-01 7.828387157815142050e-02 4.312231052801301923e-02 2.428392635429943436e-02 0.000000000000000000e+00
4.328431530509979641e-01 3.560016399646775964e-01 2.945502712249281618e-01 2.495931626088055966e-01 2.139791219881422846e-01 1.775734830326737290e-01 1.471584458180908994e-01 1.129714898448336280e-01 8.047574744544039316e-02 4.415955314466801784e-02 2.309544992796180862e-02 0.000000000000000000e+00
4.230670571821871784e-01 3.495363946007316036e-01 2.955279424750858475e-01 2.533146209158576578e-01 2.142235398006820946e-01 1.784943862747579990e-01 1.468798620747659989e-01 1.119712916073455355e-01 7.842973382111817493e-02 4.288052086399574137e-02 2.309213016140776453e-02 0.000000000000000000e+00
4.448267544385731131e-01 3.485271855683107489e-01 2.900719061435610424e-01 2.531779571927172956e-01 2.125362684496030496e-01 1.774788696858844994e-01 1.429796896682231644e-01 1.118181080934957938e-01 7.931279172448668646e-02 4.481483817613551857e-02 2.370296720734654805e-02 0.000000000000000000e+00
4.561796399636439681e-01 3.545193641983093169e-01 2.932887599344020657e-01 2.518008073672264313e-01 2.140027753248399112e-01 1.788980698877262743e-01 1.451400277532490235e-01 1.139356449025928919e-01 7.918664059543367717e-02 4.242847931822379959e-02 2.362993234315824420e-02 0.000000000000000000e+00
4.577564296199040372e-01 3.519332660527307866e-01 2.907499684622185665e-01 2.477008956730167855e-01 2.110461082376695607e-01 1.775608679197683282e-01 1.441150498296965843e-01 1.126065526500742431e-01 7.831540936041453405e-02 4.370050320283747070e-02 2.359341491106414779e-02 0.000000000000000000e+00
4.574410716886520012e-01 3.571685379084141854e-01 2.966002270720331513e-01 2.530938564400155855e-01 2.108332282073930308e-01 1.775104074681476130e-01 1.428377696480392922e-01 1.133769756167883891e-01 7.841002270720409673e-02 4.406844399590759132e-02 2.331455452052666466e-02 0.000000000000000000e+00
4.432499647823127109e-01 3.572000756906772434e-01 2.934149110634547419e-01 2.484893402295957898e-01 2.119133972499060992e-01 1.784754636054000088e-01 1.475684369875117086e-01 1.131787381282773897e-01 7.929308061057194212e-02 4.366896542057441266e-02 2.364321140937442056e-02 0.000000000000000000e+00
4.523953447886202017e-01 3.508294436735209798e-01 2.945502712249278288e-01 2.490465077162444807e-01 2.131433707581684711e-01 1.794720575249154626e-01 1.446617047222578112e-01 1.125164447007508395e-01 8.074381859467727462e-02 4.354281429152195848e-02 2.253108961377914277e-02 0.000000000000000000e+00
4.145523930383838707e-01 3.635707077078338401e-01 2.933833732811912398e-01 2.490044573398932926e-01 2.125914595685638453e-01 1.776933266052738714e-01 1.457918085866875546e-01 1.112774603975560384e-01 7.962028510155172434e-02 4.356033528166813884e-02 2.333779288640497329e-02 0.000000000000000000e+00
4.574410716886518902e-01 3.563800933518354030e-01 2.955910180396119635e-01 2.493934233211390072e-01 2.107622681973009282e-01 1.800523527185576844e-01 1.478470207308361650e-01 1.131246733586832587e-01 7.949807619528265201e-02 4.392126767867965409e-02 2.326475802221661393e-02 0.000000000000000000e+00
4.505031972011083186e-01 3.554654976662037225e-01 2.951652579790594588e-01 2.472698793154202157e-01 2.123785795382873154e-01 1.763119717421481325e-01 1.442254320676175094e-01 1.125119393032848469e-01 8.042449854926292385e-02 4.319589868662732091e-02 2.263400237695373240e-02 0.000000000000000000e+00
4.454574703010770742e-01 3.536047685126780804e-01 2.925633909423496215e-01 2.501713552836299925e-01 2.146019931878396791e-01 1.774221016778108062e-01 1.473319036205381627e-01 1.105205536232402030e-01 7.945471174467061415e-02 4.352879749940485876e-02 2.337763008505333584e-02 0.000000000000000000e+00
4.158138247633916817e-01 3.552131954080988141e-01 2.956698624952698307e-01 2.504867331062616831e-01 2.108726504352217423e-01 1.780087044279048958e-01 1.447825995542666444e-01 1.126200688424728868e-01 7.948230730415117851e-02 4.381964593583170808e-02 2.407146129484261099e-02 0.000000000000000000e+00
4.467189020260848853e-01 3.496940835120473379e-01 2.936987511038229304e-01 2.514013287918930306e-01 2.109593793364457071e-01 1.806452630251047520e-01 1.446249106429507991e-01 1.134896105534427546e-01 7.913539169925642991e-02 4.211660569362152273e-02 2.388887413437157381e-02 0.000000000000000000e+00
